8 0.93671875 0.40234375 0.0390625 0.0921875
2 0.9109375 0.5109375 0.0390625 0.0546875
8 0.53984375 0.440625 0.015625 0.0625
2 0.8203125 0.52734375 0.046875 0.0515625
2 0.9515625 0.51875 0.05 0.04375
2 0.98046875 0.51875 0.03515625 0.04453125
8 0.93515625 0.453125 0.034375 0.034375
8 0.04453125 0.32578125 0.0875 0.2609375
6 0.796875 0.53671875 0.01484375 0.11875
2 0.8921875 0.52109375 0.05078125 0.03984375
6 0.86796875 0.53671875 0.015625 0.121875
2 0.82890625 0.52578125 0.065625 0.053125
0 0.5 0.57265625 0.99609375 0.19140625
6 0.9359375 0.53046875 0.01796875 0.13359375
6 0.8421875 0.528125 0.0171875 0.09765625
9 0.11875 0.74375 0.0984375 0.209375
9 0.3015625 0.7453125 0.071875 0.1984375
9 0.49375 0.753125 0.06015625 0.19609375
9 0.6625 0.74609375 0.06796875 0.18515625
9 0.828125 0.7421875 0.09921875 0.21875
10 0.27421875 0.33828125 0.0375 0.28828125
