8 0.14296875 0.47109375 0.1796875 0.2578125
0 0.76328125 0.41796875 0.13359375 0.10703125
8 0.43984375 0.453125 0.13984375 0.23125
6 0.3734375 0.1203125 0.06640625 0.23984375
8 0.1453125 0.54453125 0.1703125 0.1109375
6 0.3375 0.12421875 0.05625 0.2484375
6 0.28515625 0.19140625 0.03671875 0.16015625
6 0.30703125 0.153125 0.03984375 0.21796875
6 0.41015625 0.11328125 0.06015625 0.2265625
9 0.4265625 0.50703125 0.25 0.58203125
9 0.14296875 0.56015625 0.2765625 0.7203125
2 0.86796875 0.4421875 0.26328125 0.39140625
