5 0.49765625 0.50390625 0.04375 0.15703125
5 0.57109375 0.4671875 0.028125 0.1125
5 0.60078125 0.5203125 0.03203125 0.1203125
5 0.54375 0.43828125 0.02421875 0.07578125
2 0.14375 0.47265625 0.12109375 0.08359375
5 0.4671875 0.44921875 0.0234375 0.07890625
6 0.41796875 0.33515625 0.02109375 0.44921875
0 0.52109375 0.49765625 0.3203125 0.11875
2 0.6 0.41796875 0.0421875 0.04765625
2 0.1046875 0.45859375 0.1140625 0.08515625
8 0.7078125 0.74375 0.040625 0.07890625
2 0.02890625 0.453125 0.0578125 0.07421875
8 0.34140625 0.37265625 0.02109375 0.04296875
2 0.05703125 0.45625 0.1015625 0.08359375
8 0.19921875 0.3421875 0.021875 0.04609375
8 0.60078125 0.72265625 0.0375 0.08984375
6 0.85390625 0.371875 0.04296875 0.50625
9 0.86796875 0.79375 0.18046875 0.403125
9 0.7328125 0.79375 0.16171875 0.3921875
9 0.63125 0.765625 0.1515625 0.38671875
9 0.52421875 0.7390625 0.11875 0.35703125
9 0.41640625 0.71015625 0.1359375 0.31484375
9 0.33359375 0.6921875 0.0734375 0.29375
9 0.29921875 0.6609375 0.121875 0.3125
9 0.23125 0.6671875 0.08984375 0.25
9 0.18125 0.65234375 0.07734375 0.24296875
9 0.13828125 0.6421875 0.0828125 0.234375
10 0.25 0.2703125 0.0609375 0.48046875
