5 0.9296875 0.4140625 0.0390625 0.06640625
5 0.62421875 0.46953125 0.0296875 0.0796875
6 0.49765625 0.35546875 0.025 0.7078125
2 0.06171875 0.5140625 0.1234375 0.4765625
6 0.58046875 0.2625 0.015625 0.4015625
2 0.25390625 0.4046875 0.1109375 0.07578125
9 0.396875 0.62109375 0.21796875 0.75703125
9 0.55078125 0.6125 0.0921875 0.3359375
9 0.63359375 0.58359375 0.053125 0.165625
9 0.1125 0.58671875 0.12578125 0.34453125
9 0.2609375 0.5765625 0.0875 0.25234375
10 0.27734375 0.45546875 0.05546875 0.72578125
11 0.8078125 0.459375 0.3453125 0.40234375
