8 0.0625 0.20234375 0.03828125 0.09140625
2 0.18046875 0.325 0.046875 0.05703125
8 0.459375 0.23984375 0.01640625 0.0625
0 0.49921875 0.37578125 0.99765625 0.19375
8 0.06484375 0.278125 0.0453125 0.034375
2 0.046875 0.3203125 0.03671875 0.0421875
6 0.203125 0.3359375 0.015625 0.11640625
6 0.0640625 0.34140625 0.0171875 0.1140625
2 0.06015625 0.3203125 0.065625 0.0421875
2 0.0984375 0.32109375 0.06484375 0.03984375
2 0.10390625 0.31875 0.203125 0.06953125
8 0.0640625 0.253125 0.03515625 0.0359375
10 0.7265625 0.15546875 0.03359375 0.25859375
9 0.1734375 0.54296875 0.096875 0.21640625
9 0.3390625 0.55 0.06640625 0.18515625
9 0.50625 0.55078125 0.0578125 0.19453125
9 0.6984375 0.5453125 0.07578125 0.20546875
9 0.88125 0.54453125 0.09921875 0.20703125
