5 0.06796875 0.21015625 0.040625 0.06796875
5 0.3734375 0.26796875 0.03046875 0.0796875
11 0.18984375 0.26171875 0.346875 0.409375
10 0.73125 0.30703125 0.0421875 0.6109375
6 0.50078125 0.25390625 0.0265625 0.5046875
9 0.73671875 0.37734375 0.09453125 0.26484375
2 0.74453125 0.21015625 0.1109375 0.090625
6 0.41796875 0.1328125 0.0171875 0.26484375
9 0.6015625 0.42421875 0.2140625 0.76171875
2 0.940625 0.27578125 0.11796875 0.3984375
9 0.88828125 0.38515625 0.128125 0.34609375
9 0.45390625 0.41953125 0.09140625 0.34609375
9 0.365625 0.3671875 0.0546875 0.1515625
