8 0.209375 0.28828125 0.04296875 0.0625
5 0.40625 0.4703125 0.0375 0.1015625
2 0.55390625 0.4859375 0.253125 0.20546875
2 0.86171875 0.47265625 0.27109375 0.38515625
2 0.66484375 0.4890625 0.153125 0.171875
6 0.21796875 0.3375 0.04296875 0.671875
6 0.6640625 0.590625 0.03125 0.2359375
2 0.278125 0.534375 0.22890625 0.2453125
0 0.0765625 0.60234375 0.15 0.18046875
8 0.04921875 0.3203125 0.04609375 0.16171875
5 0.4 0.475 0.028125 0.09296875
6 0.11953125 0.2703125 0.05078125 0.53828125
6 0.409375 0.5203125 0.0234375 0.121875
6 0.03359375 0.3125 0.04609375 0.6109375
6 0.10234375 0.603125 0.02421875 0.13671875
9 0.50859375 0.621875 0.18046875 0.434375
9 0.84375 0.6671875 0.24765625 0.546875
9 0.3078125 0.625 0.1234375 0.32265625
9 0.17109375 0.6265625 0.11171875 0.28984375
6 0.05546875 0.4953125 0.01484375 0.19921875
