2 0.2046875 0.17578125 0.08828125 0.05
2 0.3703125 0.17421875 0.10546875 0.05546875
2 0.51328125 0.17265625 0.07734375 0.046875
2 0.5796875 0.1734375 0.078125 0.053125
2 0.27421875 0.1765625 0.0875 0.04921875
8 0.60859375 0.11171875 0.08046875 0.03203125
2 0.26328125 0.1765625 0.06640625 0.046875
2 0.30859375 0.17734375 0.06796875 0.04609375
8 0.79921875 0.10078125 0.09609375 0.02890625
8 0.47421875 0.11015625 0.08984375 0.028125
6 0.09609375 0.19453125 0.02734375 0.10625
6 0.16484375 0.19609375 0.02265625 0.09765625
6 0.14609375 0.19453125 0.02890625 0.1
1 0.80078125 0.16953125 0.06640625 0.04375
5 0.78984375 0.159375 0.03125 0.05
6 0.6265625 0.09765625 0.028125 0.1953125
0 0.70625 0.17890625 0.08125 0.04140625
9 0.51875 0.23515625 0.07734375 0.09296875
10 0.11875 0.13828125 0.01796875 0.2171875
0 0.8359375 0.17578125 0.0703125 0.0390625
9 0.44296875 0.24921875 0.1 0.11171875
9 0.3203125 0.2203125 0.05625 0.07734375
9 0.6265625 0.2578125 0.0953125 0.11484375
9 0.690625 0.2375 0.05390625 0.090625
