2 0.978125 0.7 0.0375 0.0796875
8 0.7421875 0.67109375 0.08046875 0.1171875
8 0.7109375 0.89296875 0.05078125 0.0765625
8 0.19609375 0.80625 0.05 0.075
8 0.57734375 0.8953125 0.05 0.0734375
6 0.4265625 0.3625 0.02734375 0.33515625
8 0.82734375 0.8890625 0.05078125 0.075
8 0.44765625 0.8875 0.05078125 0.075
8 0.45390625 0.67421875 0.06953125 0.0390625
6 0.8828125 0.6578125 0.02890625 0.36015625
9 0.2078125 0.8203125 0.25234375 0.33515625
9 0.45234375 0.82890625 0.1265625 0.3421875
9 0.58046875 0.865625 0.1109375 0.26796875
9 0.709375 0.86953125 0.10859375 0.2609375
9 0.8296875 0.86796875 0.121875 0.2640625
