8 0.3515625 0.778125 0.03828125 0.11875
6 0.15390625 0.575 0.02890625 0.1140625
8 0.66953125 0.68515625 0.03125 0.109375
6 0.88984375 0.25859375 0.02578125 0.21015625
8 0.46015625 0.7109375 0.0375 0.1171875
10 0.34453125 0.334375 0.03125 0.35546875
6 0.76015625 0.265625 0.02109375 0.278125
6 0.4296875 0.44296875 0.0234375 0.115625
0 0.6171875 0.1359375 0.19296875 0.23046875
6 0.815625 0.24765625 0.01875 0.24609375
9 0.3484375 0.746875 0.08671875 0.50546875
9 0.4515625 0.74453125 0.125 0.51015625
9 0.55859375 0.74453125 0.13125 0.51015625
9 0.653125 0.73671875 0.11875 0.52578125
9 0.73203125 0.72421875 0.1109375 0.51875
