5 0.06875 0.41171875 0.0390625 0.07109375
5 0.3734375 0.46875 0.03046875 0.08125
2 0.9390625 0.5140625 0.121875 0.4765625
11 0.190625 0.4640625 0.34921875 0.4109375
6 0.40234375 0.25546875 0.05078125 0.41875
2 0.7453125 0.409375 0.11171875 0.0859375
9 0.7375 0.578125 0.0953125 0.26328125
6 0.50078125 0.35390625 0.02734375 0.7046875
6 0.4171875 0.26171875 0.01953125 0.40625
9 0.6015625 0.62265625 0.2171875 0.75390625
9 0.8859375 0.58125 0.12890625 0.33515625
9 0.45234375 0.6125 0.09140625 0.3359375
9 0.36484375 0.5796875 0.05625 0.17734375
