8 0.11171875 0.56953125 0.04609375 0.0875
2 0.4 0.57734375 0.228125 0.16484375
2 0.20078125 0.55703125 0.1625 0.1234375
2 0.51328125 0.54921875 0.08515625 0.0875
2 0.48046875 0.54921875 0.15078125 0.09765625
5 0.58671875 0.590625 0.06015625 0.19921875
9 0.82578125 0.7921875 0.19921875 0.33203125
9 0.51171875 0.69609375 0.11328125 0.203125
9 0.3671875 0.65078125 0.084375 0.14140625
9 0.27578125 0.61875 0.0625 0.1171875
9 0.23046875 0.60078125 0.0640625 0.115625
3 0.72421875 0.67578125 0.32734375 0.12890625
