5 0.434375 0.6453125 0.15859375 0.69765625
5 0.6859375 0.615625 0.16640625 0.75625
5 0.5859375 0.63359375 0.13515625 0.69765625
8 0.28046875 0.15546875 0.0828125 0.3109375
2 0.3234375 0.375 0.19453125 0.15859375
2 0.45625 0.384375 0.19296875 0.15859375
1 0.27421875 0.15859375 0.05625 0.15234375
2 0.81796875 0.3546875 0.07109375 0.053125
2 0.62734375 0.34921875 0.059375 0.0765625
8 0.59296875 0.2609375 0.04453125 0.0703125
6 0.31484375 0.4984375 0.05625 0.99140625
2 0.8703125 0.353125 0.0546875 0.05546875
0 0.27265625 0.25546875 0.37265625 0.11171875
3 0.2078125 0.64609375 0.415625 0.3765625
4 0.54453125 0.840625 0.11640625 0.31796875
