5 0.74453125 0.62890625 0.04296875 0.09765625
5 0.365625 0.61796875 0.046875 0.12421875
8 0.79375 0.47734375 0.04296875 0.065625
5 0.17265625 0.6140625 0.04921875 0.13984375
5 0.55703125 0.615625 0.04609375 0.12421875
8 0.421875 0.47421875 0.03984375 0.06015625
8 0.609375 0.475 0.0390625 0.06171875
9 0.4203125 0.578125 0.19140625 0.346875
9 0.609375 0.57578125 0.1875 0.34921875
9 0.78984375 0.575 0.18984375 0.34609375
9 0.2265625 0.58203125 0.2 0.34609375
9 0.08046875 0.584375 0.1609375 0.34765625
9 0.9296875 0.571875 0.140625 0.3359375
