2 0.425 0.37421875 0.10859375 0.05546875
2 0.28203125 0.37265625 0.07734375 0.046875
2 0.590625 0.37578125 0.08984375 0.04921875
2 0.21484375 0.3734375 0.078125 0.053125
6 0.16328125 0.19921875 0.04453125 0.39609375
2 0.52109375 0.37578125 0.08671875 0.04765625
8 0.18671875 0.31171875 0.08125 0.03125
2 0.4859375 0.3765625 0.06796875 0.04453125
8 0.32265625 0.30859375 0.08984375 0.028125
10 0.6765625 0.365625 0.04296875 0.1640625
8 0.72265625 0.2453125 0.07421875 0.03671875
6 0.27421875 0.240625 0.025 0.2375
6 0.63203125 0.396875 0.02265625 0.09609375
0 0.0875 0.37890625 0.08515625 0.03984375
9 0.1734375 0.45859375 0.096875 0.11875
9 0.109375 0.440625 0.05234375 0.0984375
9 0.28671875 0.434375 0.0875 0.08359375
9 0.36171875 0.446875 0.0890625 0.10859375
9 0.4796875 0.421875 0.0609375 0.07265625
