5 0.49921875 0.70390625 0.04296875 0.1546875
5 0.42578125 0.6671875 0.03046875 0.115625
5 0.39609375 0.721875 0.03203125 0.1171875
2 0.8515625 0.671875 0.1203125 0.08359375
5 0.453125 0.63828125 0.0234375 0.07734375
5 0.5296875 0.64765625 0.0234375 0.08046875
0 0.4765625 0.6984375 0.31640625 0.115625
6 0.578125 0.534375 0.02109375 0.45078125
2 0.93984375 0.6546875 0.10390625 0.08515625
8 0.7984375 0.540625 0.021875 0.04609375
8 0.796875 0.57265625 0.02109375 0.04453125
2 0.890625 0.65859375 0.1171875 0.08515625
2 0.39609375 0.61796875 0.0421875 0.04609375
8 0.65546875 0.57265625 0.0203125 0.04140625
6 0.1421875 0.56796875 0.0453125 0.50625
2 0.9671875 0.65078125 0.059375 0.07421875
2 0.89375 0.66171875 0.203125 0.1046875
9 0.13203125 0.89140625 0.17109375 0.21640625
9 0.26171875 0.89921875 0.1609375 0.20078125
9 0.371875 0.88515625 0.14921875 0.2296875
9 0.4796875 0.884375 0.109375 0.23125
9 0.5828125 0.8765625 0.1375 0.24609375
9 0.6609375 0.875 0.090625 0.25
9 0.70390625 0.84921875 0.1234375 0.30078125
9 0.778125 0.8703125 0.075 0.259375
9 0.82109375 0.85 0.07421875 0.2390625
9 0.86875 0.840625 0.06953125 0.22578125
0 0.9234375 0.71640625 0.06328125 0.06640625
3 0.66875 0.696875 0.07734375 0.0328125
10 0.75078125 0.46953125 0.05625 0.53046875
