2 0.7328125 0.3390625 0.08359375 0.0625
2 0.94453125 0.37421875 0.10234375 0.19609375
5 0.47890625 0.47265625 0.16640625 0.490625
2 0.54609375 0.33828125 0.06953125 0.04921875
8 0.7546875 0.2359375 0.0578125 0.04765625
8 0.3890625 0.5046875 0.03984375 0.05546875
8 0.28515625 0.52421875 0.046875 0.0609375
6 0.871875 0.20234375 0.10546875 0.32734375
9 0.25078125 0.5734375 0.1859375 0.39609375
9 0.365625 0.55390625 0.13125 0.32734375
9 0.58515625 0.48203125 0.14609375 0.2375
9 0.7109375 0.4703125 0.13359375 0.22890625
9 0.78515625 0.465625 0.05078125 0.16875
