8 0.75 0.20390625 0.05859375 0.10390625
5 0.81484375 0.44296875 0.071875 0.24609375
8 0.9578125 0.30546875 0.0609375 0.0625
5 0.76015625 0.4453125 0.0703125 0.2296875
5 0.209375 0.34921875 0.09296875 0.1953125
8 0.61484375 0.05546875 0.09375 0.10859375
5 0.10234375 0.4203125 0.09375 0.23515625
5 0.134375 0.38359375 0.08046875 0.1765625
5 0.65625 0.459375 0.06875 0.18203125
8 0.83359375 0.20703125 0.040625 0.06796875
8 0.6671875 0.16171875 0.05625 0.053125
5 0.6203125 0.4109375 0.0375 0.08515625
8 0.89140625 0.0859375 0.06875 0.115625
5 0.7296875 0.375 0.03203125 0.096875
9 0.4671875 0.5390625 0.33203125 0.5296875
5 0.85703125 0.3953125 0.0375 0.1328125
5 0.70390625 0.4015625 0.0328125 0.071875
6 0.88515625 0.29296875 0.034375 0.58359375
5 0.7046875 0.43828125 0.03828125 0.14453125
9 0.1953125 0.69921875 0.38828125 0.5953125
