3 0.54453125 0.49921875 0.9109375 0.3140625
3 0.54296875 0.4984375 0.9140625 0.31484375
3 0.54296875 0.4984375 0.9140625 0.309375
3 0.5328125 0.50390625 0.934375 0.3234375
3 0.53359375 0.50390625 0.9328125 0.3203125
3 0.5328125 0.503125 0.934375 0.321875
3 0.51796875 0.4953125 0.95859375 0.31875
3 0.51796875 0.49453125 0.9640625 0.3203125
3 0.5171875 0.49453125 0.959375 0.3203125
3 0.54765625 0.49296875 0.90390625 0.3140625
3 0.54609375 0.49296875 0.9078125 0.3140625
3 0.5453125 0.49296875 0.909375 0.3140625