1 0.496875 0.5484375 0.95 0.103125
1 0.51953125 0.55234375 0.94140625 0.1015625
1 0.4984375 0.55625 0.953125 0.109375
1 0.51640625 0.546875 0.95 0.1015625
1 0.49921875 0.55625 0.9484375 0.1046875
1 0.5125 0.54765625 0.94140625 0.1046875
1 0.50078125 0.55625 0.95390625 0.11015625
1 0.509375 0.55390625 0.94296875 0.1046875
1 0.50078125 0.55703125 0.9625 0.115625
1 0.5125 0.54765625 0.94140625 0.0984375
1 0.50234375 0.5546875 0.95703125 0.10859375
1 0.509375 0.553125 0.94296875 0.0984375
1 0.50703125 0.5515625 0.946875 0.09921875