3 0.51875 0.4625 0.80703125 0.18984375
3 0.5203125 0.4625 0.80703125 0.18984375
3 0.571875 0.4640625 0.734375 0.1796875
3 0.584375 0.45546875 0.74609375 0.1890625
3 0.55390625 0.4671875 0.796875 0.1921875
3 0.584375 0.4546875 0.74453125 0.18828125
3 0.5625 0.459375 0.7859375 0.21171875
3 0.5515625 0.46171875 0.8 0.1921875
3 0.54453125 0.45546875 0.778125 0.1921875
3 0.58671875 0.4578125 0.740625 0.18125
3 0.590625 0.46171875 0.715625 0.1890625
3 0.58671875 0.4578125 0.740625 0.18203125
3 0.5515625 0.4625 0.796875 0.19140625
3 0.54453125 0.45625 0.778125 0.19140625
3 0.5515625 0.46171875 0.8 0.190625
3 0.5921875 0.4625 0.7125 0.1875
3 0.553125 0.46796875 0.79296875 0.1859375
3 0.525 0.4640625 0.81953125 0.2
3 0.553125 0.4671875 0.79296875 0.18359375
3 0.52421875 0.4640625 0.81796875 0.19921875
3 0.55546875 0.4625 0.8 0.2125
3 0.5609375 0.4609375 0.771875 0.19140625
3 0.57109375 0.4625 0.746875 0.1890625
3 0.57109375 0.46171875 0.75 0.1890625
3 0.5609375 0.4609375 0.775 0.1875
3 0.5609375 0.4609375 0.775 0.1859375
3 0.5609375 0.459375 0.775 0.19453125
3 0.546875 0.4625 0.771875 0.19140625
3 0.546875 0.4625 0.775 0.1921875
3 0.56171875 0.46015625 0.7765625 0.1953125
3 0.55546875 0.4625 0.7890625 0.19609375
3 0.55546875 0.46171875 0.7890625 0.1953125