3 0.6359375 0.41171875 0.721875 0.3171875
3 0.628125 0.40234375 0.728125 0.3140625
3 0.6375 0.40859375 0.725 0.3140625
3 0.6234375 0.40234375 0.753125 0.3171875
3 0.6375 0.409375 0.725 0.3125
3 0.6375 0.40859375 0.725 0.3125
3 0.6234375 0.40234375 0.753125 0.3171875
3 0.6234375 0.40234375 0.753125 0.3171875
3 0.62265625 0.39296875 0.75390625 0.3234375
3 0.60625 0.39140625 0.759375 0.3328125
3 0.62265625 0.39296875 0.75390625 0.3234375
3 0.621875 0.39296875 0.75546875 0.3234375
3 0.60546875 0.390625 0.7609375 0.33359375
3 0.60625 0.3921875 0.765625 0.33515625
3 0.60859375 0.4109375 0.74453125 0.315625
3 0.609375 0.4109375 0.74296875 0.31796875
3 0.61953125 0.39609375 0.753125 0.3234375
3 0.61953125 0.3953125 0.75546875 0.32265625
3 0.61953125 0.3953125 0.75546875 0.32265625
3 0.62890625 0.3953125 0.7359375 0.33125
3 0.628125 0.3953125 0.734375 0.33125
3 0.62890625 0.396875 0.7390625 0.3234375
3 0.62890625 0.396875 0.7390625 0.32265625
3 0.62890625 0.396875 0.7390625 0.32265625
3 0.62734375 0.39921875 0.73203125 0.3328125
3 0.61015625 0.3953125 0.7484375 0.33125
3 0.62578125 0.39921875 0.734375 0.3328125
3 0.62578125 0.39921875 0.734375 0.3328125
3 0.621875 0.3984375 0.734375 0.33125
3 0.61015625 0.3953125 0.74609375 0.33125
3 0.62109375 0.3984375 0.7359375 0.33125
3 0.6203125 0.3984375 0.7375 0.33125