3 0.4796875 0.41484375 0.959375 0.2640625
3 0.48046875 0.40234375 0.9609375 0.2578125
3 0.5140625 0.41875 0.971875 0.26640625
3 0.51328125 0.41796875 0.9734375 0.2671875
3 0.5140625 0.41875 0.971875 0.265625
3 0.49375 0.4046875 0.984375 0.25625
3 0.49296875 0.4046875 0.9859375 0.25625
3 0.5015625 0.3953125 0.99140625 0.24375
3 0.49375 0.4046875 0.984375 0.25625
3 0.5015625 0.3953125 0.99140625 0.246875
3 0.5015625 0.3953125 0.99140625 0.24453125
3 0.49453125 0.3921875 0.9890625 0.2390625
3 0.5015625 0.4109375 0.996875 0.259375
3 0.4953125 0.3921875 0.990625 0.240625
3 0.49453125 0.3921875 0.9890625 0.23984375
3 0.5015625 0.409375 0.996875 0.259375
3 0.5015625 0.4109375 0.996875 0.259375
3 0.4984375 0.4046875 0.99140625 0.2640625
3 0.5 0.4046875 0.99453125 0.26328125
3 0.49921875 0.4046875 0.99296875 0.2640625
3 0.5078125 0.409375 0.98203125 0.2625
3 0.50703125 0.409375 0.98359375 0.26171875
3 0.50703125 0.409375 0.98046875 0.2625
3 0.5 0.4078125 0.98359375 0.26796875
3 0.496875 0.41015625 0.9890625 0.2671875
3 0.5 0.4078125 0.9859375 0.26484375
3 0.5 0.40625 0.9859375 0.265625
3 0.4984375 0.4109375 0.99140625 0.265625
3 0.4984375 0.409375 0.99140625 0.26640625