3 0.428125 0.44296875 0.6390625 0.1828125
3 0.48046875 0.45625 0.7359375 0.215625
3 0.40703125 0.446875 0.61953125 0.184375
3 0.48203125 0.45625 0.7390625 0.21796875
3 0.40703125 0.446875 0.61953125 0.184375
3 0.46640625 0.44609375 0.7359375 0.2140625
3 0.46640625 0.44609375 0.73359375 0.2140625
3 0.425 0.45 0.671875 0.203125
3 0.40703125 0.446875 0.61953125 0.1828125
3 0.42421875 0.45 0.66796875 0.2
3 0.425 0.45 0.671875 0.20078125
3 0.43671875 0.446875 0.69609375 0.209375
3 0.4375 0.44609375 0.69140625 0.20625
3 0.409375 0.4390625 0.61953125 0.17421875
3 0.453125 0.46015625 0.715625 0.2140625
3 0.4390625 0.446875 0.675 0.1984375
3 0.4453125 0.44453125 0.7015625 0.203125
3 0.453125 0.46015625 0.71640625 0.2140625
3 0.453125 0.4609375 0.71640625 0.21171875
3 0.4375 0.446875 0.68046875 0.2
3 0.41015625 0.4375 0.62109375 0.17265625
3 0.41015625 0.43828125 0.61796875 0.171875
3 0.4421875 0.45625 0.68203125 0.20859375
3 0.44140625 0.45625 0.6859375 0.209375
3 0.44609375 0.44375 0.703125 0.203125
3 0.446875 0.44375 0.7015625 0.20234375
3 0.44140625 0.44921875 0.678125 0.1953125
3 0.4640625 0.459375 0.73046875 0.22421875
3 0.4421875 0.44921875 0.67890625 0.1953125
3 0.4421875 0.44921875 0.67890625 0.1953125
3 0.45703125 0.45 0.7 0.2046875
3 0.459375 0.4578125 0.70703125 0.21171875
3 0.4734375 0.45390625 0.73046875 0.2171875
3 0.45703125 0.45 0.70859375 0.20625
3 0.4734375 0.4546875 0.73359375 0.21640625
3 0.4421875 0.45625 0.69609375 0.21328125
3 0.47421875 0.45390625 0.73203125 0.2171875
3 0.44296875 0.45546875 0.69453125 0.2109375
3 0.459375 0.4578125 0.7140625 0.21328125
3 0.42890625 0.44375 0.653125 0.184375
3 0.4640625 0.459375 0.728125 0.22109375
3 0.4640625 0.45859375 0.73046875 0.2203125
3 0.43046875 0.44375 0.65546875 0.18359375
3 0.43046875 0.44375 0.653125 0.18359375
3 0.4515625 0.4546875 0.7140625 0.215625
3 0.45546875 0.45078125 0.7140625 0.2140625
3 0.45234375 0.4546875 0.715625 0.22109375
3 0.45546875 0.4515625 0.7109375 0.2125
3 0.453125 0.45234375 0.70390625 0.2109375
3 0.453125 0.45234375 0.70546875 0.209375
3 0.453125 0.453125 0.70390625 0.20859375
3 0.45078125 0.453125 0.709375 0.21015625
3 0.45625 0.4546875 0.71796875 0.21328125
3 0.45078125 0.453125 0.709375 0.21015625
3 0.45703125 0.4546875 0.71953125 0.215625
3 0.45234375 0.4546875 0.715625 0.215625
3 0.4515625 0.45390625 0.7140625 0.2140625