3 0.5296875 0.40625 0.47890625 0.19609375
3 0.528125 0.4046875 0.47890625 0.190625
3 0.52578125 0.415625 0.534375 0.20625
3 0.53984375 0.4015625 0.53203125 0.196875
3 0.53984375 0.4015625 0.53203125 0.196875
3 0.52578125 0.415625 0.534375 0.203125
3 0.53359375 0.40546875 0.521875 0.1875
3 0.50625 0.396875 0.5234375 0.18125
3 0.534375 0.40546875 0.525 0.1890625
3 0.50546875 0.396875 0.528125 0.18125
3 0.5359375 0.40234375 0.51640625 0.1921875
3 0.5265625 0.40234375 0.53046875 0.2046875
3 0.525 0.4109375 0.53359375 0.20234375
3 0.50625 0.4046875 0.5265625 0.18515625
3 0.51796875 0.403125 0.5140625 0.19140625
3 0.525 0.4109375 0.53359375 0.20546875
3 0.50625 0.4046875 0.52890625 0.1875
3 0.51015625 0.39765625 0.5234375 0.1828125
3 0.509375 0.39609375 0.525 0.1828125
3 0.509375 0.396875 0.525 0.18125
3 0.51640625 0.4015625 0.5359375 0.2
3 0.5171875 0.4015625 0.5375 0.19921875
3 0.515625 0.403125 0.525 0.19375
3 0.534375 0.4046875 0.5265625 0.19453125
3 0.51484375 0.403125 0.5234375 0.19609375
3 0.534375 0.4046875 0.5265625 0.19609375
3 0.5109375 0.4046875 0.528125 0.18984375
3 0.5109375 0.4046875 0.53046875 0.190625
3 0.5109375 0.4046875 0.53046875 0.190625
3 0.5265625 0.40625 0.53046875 0.20859375
3 0.52421875 0.4 0.5234375 0.19375
3 0.525 0.40546875 0.53359375 0.2078125
3 0.52421875 0.4 0.5234375 0.19375
3 0.5265625 0.40234375 0.528125 0.196875
3 0.5265625 0.4015625 0.53046875 0.1984375
3 0.5265625 0.40546875 0.53046875 0.1984375
3 0.521875 0.40390625 0.528125 0.1953125
3 0.51953125 0.403125 0.525 0.18984375
3 0.52734375 0.4046875 0.53203125 0.19609375
3 0.52734375 0.4046875 0.53203125 0.19765625
3 0.51953125 0.39921875 0.5109375 0.1828125
3 0.51875 0.39921875 0.50703125 0.1796875
3 0.51796875 0.4015625 0.51953125 0.18515625
3 0.51796875 0.403125 0.5140625 0.1859375
3 0.51875 0.403125 0.515625 0.18828125
3 0.51875 0.403125 0.5265625 0.190625
3 0.51953125 0.403125 0.528125 0.190625
3 0.5171875 0.4 0.52109375 0.1859375
3 0.5234375 0.403125 0.528125 0.1953125
3 0.52265625 0.403125 0.52890625 0.19609375
3 0.51796875 0.4 0.521875 0.18515625
3 0.525 0.4046875 0.53359375 0.2
3 0.525 0.4046875 0.53359375 0.196875
3 0.528125 0.40625 0.5375 0.2
3 0.528125 0.40625 0.5375 0.20234375
3 0.52578125 0.40546875 0.534375 0.2015625
3 0.525 0.40390625 0.53359375 0.2015625
3 0.525 0.4046875 0.53359375 0.19765625
3 0.525 0.4046875 0.53359375 0.20078125
3 0.52734375 0.40390625 0.540625 0.1984375
3 0.52578125 0.4046875 0.53203125 0.196875
3 0.528125 0.4046875 0.5390625 0.19765625
3 0.52421875 0.403125 0.52890625 0.196875
3 0.52421875 0.403125 0.52890625 0.19453125