3 0.515625 0.2984375 0.37109375 0.05859375
3 0.540625 0.3046875 0.43359375 0.06484375
3 0.521875 0.3046875 0.4 0.06953125
3 0.540625 0.30546875 0.43203125 0.0640625
3 0.5390625 0.303125 0.40546875 0.065625
3 0.51875 0.30546875 0.4125 0.0640625
3 0.528125 0.3015625 0.415625 0.06484375
3 0.528125 0.3015625 0.43203125 0.0578125
3 0.53125 0.3015625 0.415625 0.059375
3 0.515625 0.3015625 0.3875 0.06328125
3 0.53125 0.303125 0.409375 0.06796875
3 0.528125 0.3015625 0.425 0.0578125
3 0.528125 0.30078125 0.41796875 0.0578125
3 0.52734375 0.3 0.4265625 0.05625
3 0.528125 0.3015625 0.42890625 0.05546875
3 0.52890625 0.30390625 0.43359375 0.0625
3 0.52890625 0.30390625 0.43359375 0.0609375
3 0.528125 0.30078125 0.4125 0.0609375
3 0.53125 0.30390625 0.4234375 0.0625
3 0.528125 0.3015625 0.4125 0.0640625
3 0.52890625 0.30078125 0.4140625 0.0609375
3 0.52890625 0.3015625 0.4140625 0.06484375
3 0.52890625 0.303125 0.425 0.06015625