3 0.43125 0.40234375 0.2734375 0.075
3 0.43046875 0.40234375 0.271875 0.075
3 0.36015625 0.33671875 0.409375 0.0640625
3 0.3640625 0.3390625 0.4 0.065625
3 0.4171875 0.35625 0.32109375 0.08046875
3 0.40625 0.3375 0.35703125 0.06015625
3 0.36015625 0.3390625 0.409375 0.065625
3 0.4203125 0.3984375 0.284375 0.08515625
3 0.3890625 0.33828125 0.36640625 0.065625
3 0.37578125 0.33828125 0.390625 0.06875
3 0.38359375 0.3375 0.3859375 0.0640625
3 0.39765625 0.33671875 0.3625 0.0609375
3 0.3984375 0.33671875 0.35859375 0.0609375
3 0.43828125 0.4046875 0.259375 0.06953125
3 0.44453125 0.403125 0.24453125 0.06875
3 0.43359375 0.40703125 0.271875 0.0734375
3 0.45078125 0.40546875 0.2515625 0.0671875
3 0.4171875 0.33671875 0.32109375 0.0609375
3 0.428125 0.4046875 0.259375 0.071875
3 0.415625 0.33671875 0.3265625 0.0609375
3 0.39921875 0.3375 0.3484375 0.065625
3 0.40859375 0.33671875 0.34453125 0.0625
3 0.38515625 0.33828125 0.384375 0.0640625
3 0.39921875 0.3375 0.3484375 0.065625
3 0.44765625 0.4046875 0.2484375 0.06640625
3 0.446875 0.4046875 0.25 0.065625
3 0.3890625 0.33828125 0.36953125 0.0640625
3 0.4375 0.40234375 0.2640625 0.0703125
3 0.4328125 0.40390625 0.2734375 0.0734375
3 0.4390625 0.40625 0.2609375 0.071875
3 0.44609375 0.40625 0.246875 0.06640625
3 0.446875 0.40625 0.2484375 0.06640625
3 0.44609375 0.40625 0.246875 0.06640625
3 0.440625 0.403125 0.265625 0.07109375
3 0.4359375 0.40625 0.25546875 0.06953125
3 0.440625 0.403125 0.25703125 0.06875
3 0.44140625 0.4046875 0.26640625 0.0734375
3 0.43359375 0.4046875 0.278125 0.078125
3 0.43984375 0.4046875 0.2625 0.06953125
3 0.440625 0.4046875 0.2640625 0.06875
3 0.4390625 0.40625 0.2609375 0.071875
3 0.4390625 0.40625 0.2609375 0.07109375
3 0.434375 0.40625 0.2609375 0.071875
3 0.44453125 0.40390625 0.25546875 0.0671875
3 0.44375 0.40390625 0.25703125 0.0671875
3 0.43515625 0.40625 0.26796875 0.07421875
3 0.4390625 0.4046875 0.25546875 0.06875
3 0.4390625 0.40390625 0.25546875 0.06875
3 0.4390625 0.4046875 0.25546875 0.06953125
3 0.4359375 0.40625 0.26640625 0.07265625
3 0.4359375 0.40625 0.26640625 0.0734375
3 0.440625 0.4046875 0.25390625 0.06796875
3 0.43984375 0.40625 0.25390625 0.06875
3 0.43984375 0.40625 0.25703125 0.06875
3 0.4390625 0.40546875 0.25546875 0.06875