3 0.47578125 0.403125 0.9265625 0.18125
3 0.475 0.403125 0.928125 0.1796875
3 0.49609375 0.44765625 0.9640625 0.2875
3 0.45859375 0.42109375 0.878125 0.221875
3 0.45859375 0.4203125 0.878125 0.21953125
3 0.4953125 0.44609375 0.96796875 0.2828125
3 0.4984375 0.44921875 0.95859375 0.2796875
3 0.49609375 0.44609375 0.96640625 0.28125
3 0.4984375 0.44921875 0.95859375 0.2765625
3 0.4984375 0.44921875 0.95859375 0.2765625
3 0.46953125 0.46796875 0.921875 0.3140625
3 0.4984375 0.4203125 0.96953125 0.21875
3 0.4984375 0.4203125 0.96953125 0.215625
3 0.49765625 0.4203125 0.96796875 0.215625
3 0.484375 0.421875 0.95 0.21875
3 0.484375 0.421875 0.946875 0.21640625
3 0.484375 0.421875 0.946875 0.215625
3 0.46953125 0.46796875 0.9390625 0.3140625
3 0.465625 0.4515625 0.90546875 0.28359375
3 0.465625 0.4515625 0.90703125 0.28046875
3 0.475 0.45546875 0.94453125 0.2953125
3 0.46640625 0.45234375 0.90546875 0.2796875
3 0.49140625 0.4703125 0.971875 0.328125
3 0.475 0.4546875 0.94453125 0.29375
3 0.47421875 0.4546875 0.94296875 0.29140625
3 0.490625 0.4703125 0.9734375 0.32578125
3 0.490625 0.47109375 0.9734375 0.3265625
3 0.4796875 0.4703125 0.959375 0.32578125
3 0.4796875 0.4703125 0.959375 0.325
3 0.4796875 0.4703125 0.959375 0.32421875