3 0.56875 0.40234375 0.2734375 0.075
3 0.56953125 0.40234375 0.271875 0.075
3 0.63984375 0.33671875 0.409375 0.0640625
3 0.6359375 0.3390625 0.4 0.065625
3 0.5828125 0.35625 0.32109375 0.08046875
3 0.59375 0.3375 0.35703125 0.06015625
3 0.63984375 0.3390625 0.409375 0.065625
3 0.5796875 0.3984375 0.284375 0.08515625
3 0.6109375 0.33828125 0.36640625 0.065625
3 0.62421875 0.33828125 0.390625 0.06875
3 0.61640625 0.3375 0.3859375 0.0640625
3 0.60234375 0.33671875 0.3625 0.0609375
3 0.6015625 0.33671875 0.35859375 0.0609375
3 0.56171875 0.4046875 0.259375 0.06953125
3 0.55546875 0.403125 0.24453125 0.06875
3 0.56640625 0.40703125 0.271875 0.0734375
3 0.54921875 0.40546875 0.2515625 0.0671875
3 0.5828125 0.33671875 0.32109375 0.0609375
3 0.571875 0.4046875 0.259375 0.071875
3 0.584375 0.33671875 0.3265625 0.0609375
3 0.60078125 0.3375 0.3484375 0.065625
3 0.59140625 0.33671875 0.34453125 0.0625
3 0.61484375 0.33828125 0.384375 0.0640625
3 0.60078125 0.3375 0.3484375 0.065625
3 0.55234375 0.4046875 0.2484375 0.06640625
3 0.553125 0.4046875 0.25 0.065625
3 0.6109375 0.33828125 0.36953125 0.0640625
3 0.5625 0.40234375 0.2640625 0.0703125
3 0.5671875 0.40390625 0.2734375 0.0734375
3 0.5609375 0.40625 0.2609375 0.071875
3 0.55390625 0.40625 0.246875 0.06640625
3 0.553125 0.40625 0.2484375 0.06640625
3 0.55390625 0.40625 0.246875 0.06640625
3 0.559375 0.403125 0.265625 0.07109375
3 0.5640625 0.40625 0.25546875 0.06953125
3 0.559375 0.403125 0.25703125 0.06875
3 0.55859375 0.4046875 0.26640625 0.0734375
3 0.56640625 0.4046875 0.278125 0.078125
3 0.56015625 0.4046875 0.2625 0.06953125
3 0.559375 0.4046875 0.2640625 0.06875
3 0.5609375 0.40625 0.2609375 0.071875
3 0.5609375 0.40625 0.2609375 0.07109375
3 0.565625 0.40625 0.2609375 0.071875
3 0.55546875 0.40390625 0.25546875 0.0671875
3 0.55625 0.40390625 0.25703125 0.0671875
3 0.56484375 0.40625 0.26796875 0.07421875
3 0.5609375 0.4046875 0.25546875 0.06875
3 0.5609375 0.40390625 0.25546875 0.06875
3 0.5609375 0.4046875 0.25546875 0.06953125
3 0.5640625 0.40625 0.26640625 0.07265625
3 0.5640625 0.40625 0.26640625 0.0734375
3 0.559375 0.4046875 0.25390625 0.06796875
3 0.56015625 0.40625 0.25390625 0.06875
3 0.56015625 0.40625 0.25703125 0.06875
3 0.5609375 0.40546875 0.25546875 0.06875