3 0.52421875 0.403125 0.9265625 0.18125
3 0.525 0.403125 0.928125 0.1796875
3 0.50390625 0.44765625 0.9640625 0.2875
3 0.54140625 0.42109375 0.878125 0.221875
3 0.54140625 0.4203125 0.878125 0.21953125
3 0.5046875 0.44609375 0.96796875 0.2828125
3 0.5015625 0.44921875 0.95859375 0.2796875
3 0.50390625 0.44609375 0.96640625 0.28125
3 0.5015625 0.44921875 0.95859375 0.2765625
3 0.5015625 0.44921875 0.95859375 0.2765625
3 0.53046875 0.46796875 0.921875 0.3140625
3 0.5015625 0.4203125 0.96953125 0.21875
3 0.5015625 0.4203125 0.96953125 0.215625
3 0.50234375 0.4203125 0.96796875 0.215625
3 0.515625 0.421875 0.95 0.21875
3 0.515625 0.421875 0.946875 0.21640625
3 0.515625 0.421875 0.946875 0.215625
3 0.53046875 0.46796875 0.9390625 0.3140625
3 0.534375 0.4515625 0.90546875 0.28359375
3 0.534375 0.4515625 0.90703125 0.28046875
3 0.525 0.45546875 0.94453125 0.2953125
3 0.53359375 0.45234375 0.90546875 0.2796875
3 0.50859375 0.4703125 0.971875 0.328125
3 0.525 0.4546875 0.94453125 0.29375
3 0.52578125 0.4546875 0.94296875 0.29140625
3 0.509375 0.4703125 0.9734375 0.32578125
3 0.509375 0.47109375 0.9734375 0.3265625
3 0.5203125 0.4703125 0.959375 0.32578125
3 0.5203125 0.4703125 0.959375 0.325
3 0.5203125 0.4703125 0.959375 0.32421875