3 0.54140625 0.46015625 0.525 0.1640625
3 0.54140625 0.459375 0.525 0.16328125
3 0.521875 0.46484375 0.49453125 0.1609375
3 0.57265625 0.46953125 0.509375 0.1703125
3 0.521875 0.46484375 0.490625 0.1578125
3 0.56640625 0.471875 0.55 0.16953125
3 0.521875 0.46484375 0.49140625 0.1578125
3 0.571875 0.46015625 0.50546875 0.159375
3 0.54296875 0.46328125 0.475 0.1578125
3 0.56640625 0.471875 0.55 0.17109375
3 0.55 0.46875 0.50546875 0.16875
3 0.5640625 0.46015625 0.546875 0.1640625
3 0.56484375 0.46015625 0.5484375 0.1640625
3 0.5609375 0.46953125 0.5390625 0.1640625
3 0.5609375 0.46953125 0.5390625 0.1640625
3 0.5375 0.465625 0.51953125 0.16171875
3 0.54921875 0.46015625 0.50390625 0.1578125
3 0.578125 0.4640625 0.55546875 0.17109375
3 0.53671875 0.4640625 0.51796875 0.16171875
3 0.578125 0.4640625 0.553125 0.1703125
3 0.57109375 0.465625 0.54140625 0.17578125
3 0.571875 0.46484375 0.55859375 0.1671875
3 0.540625 0.46328125 0.509375 0.15625
3 0.571875 0.46484375 0.5609375 0.165625
3 0.540625 0.46328125 0.5140625 0.1578125
3 0.571875 0.46484375 0.5609375 0.165625
3 0.5484375 0.45859375 0.53046875 0.1625
3 0.5484375 0.4578125 0.53046875 0.16171875
3 0.56953125 0.46640625 0.54453125 0.1703125
3 0.5703125 0.465625 0.54296875 0.1703125
3 0.54765625 0.4625 0.5125 0.1609375
3 0.5453125 0.4625 0.53203125 0.1625
3 0.5453125 0.4625 0.53203125 0.16328125
3 0.55546875 0.465625 0.54140625 0.17265625
3 0.55625 0.4640625 0.5265625 0.16015625
3 0.55625 0.46328125 0.53203125 0.1609375
3 0.546875 0.4625 0.5109375 0.159375
3 0.546875 0.4625 0.5125 0.15859375
3 0.55546875 0.465625 0.5390625 0.171875
3 0.546875 0.4640625 0.51640625 0.1625
3 0.546875 0.4640625 0.51640625 0.1609375
3 0.546875 0.4640625 0.51796875 0.1609375
3 0.55546875 0.465625 0.5359375 0.165625
3 0.55078125 0.465625 0.52890625 0.1625
3 0.55546875 0.46640625 0.5390625 0.165625
3 0.55078125 0.465625 0.52890625 0.1625
3 0.559375 0.465625 0.540625 0.16484375
3 0.56171875 0.46328125 0.54296875 0.1671875
3 0.559375 0.465625 0.54140625 0.165625
3 0.5546875 0.4625 0.534375 0.1625
3 0.55625 0.465625 0.5375 0.16640625
3 0.5546875 0.4625 0.540625 0.165625
3 0.55546875 0.4625 0.5359375 0.1625
3 0.5546875 0.4625 0.540625 0.1640625
3 0.55546875 0.465625 0.5359375 0.165625
3 0.55390625 0.4625 0.54140625 0.1640625
3 0.5546875 0.4625 0.540625 0.165625