3 0.55078125 0.325 0.7984375 0.11171875
3 0.5328125 0.49921875 0.934375 0.4296875
3 0.5734375 0.3328125 0.76953125 0.11796875
3 0.5671875 0.33359375 0.74296875 0.1125
3 0.53203125 0.49921875 0.9359375 0.428125
3 0.5375 0.33125 0.73046875 0.10859375
3 0.53046875 0.5 0.9390625 0.43125
3 0.56484375 0.33359375 0.77890625 0.1296875
3 0.590625 0.334375 0.759375 0.115625
3 0.5515625 0.33671875 0.80859375 0.1109375
3 0.5734375 0.3328125 0.76953125 0.11484375
3 0.565625 0.3296875 0.74296875 0.1125
3 0.53515625 0.328125 0.7234375 0.10546875
3 0.5359375 0.33125 0.74453125 0.11015625
3 0.58828125 0.334375 0.75390625 0.11875
3 0.553125 0.33203125 0.75390625 0.1140625
3 0.55078125 0.325 0.790625 0.10625
3 0.58671875 0.334375 0.75703125 0.11640625
3 0.55390625 0.33125 0.75859375 0.11171875
3 0.534375 0.32734375 0.7390625 0.10625
3 0.57109375 0.334375 0.76640625 0.1125
3 0.528125 0.328125 0.79453125 0.11171875
3 0.57109375 0.334375 0.76640625 0.1109375
3 0.5640625 0.3265625 0.75546875 0.10703125
3 0.5140625 0.328125 0.73359375 0.10234375
3 0.58125 0.3296875 0.74609375 0.11171875
3 0.51328125 0.328125 0.72890625 0.1
3 0.5796875 0.33046875 0.74609375 0.1109375
3 0.534375 0.3265625 0.7625 0.10625
3 0.5515625 0.3328125 0.778125 0.10703125
3 0.5515625 0.3328125 0.775 0.10625
3 0.553125 0.328125 0.746875 0.109375
3 0.55390625 0.32734375 0.746875 0.1078125
3 0.52578125 0.328125 0.78203125 0.10546875
3 0.546875 0.3296875 0.7890625 0.11484375
3 0.56328125 0.33125 0.759375 0.11328125
3 0.5484375 0.33046875 0.7640625 0.1078125
3 0.546875 0.3296875 0.78359375 0.11015625
3 0.54765625 0.33125 0.759375 0.10703125