3 0.575 0.35546875 0.60859375 0.1828125
3 0.57578125 0.35546875 0.609375 0.1828125
3 0.484375 0.35 0.71953125 0.18515625
3 0.55859375 0.35625 0.6109375 0.1859375
3 0.5578125 0.35625 0.609375 0.184375
3 0.484375 0.35 0.72109375 0.18671875
3 0.53203125 0.40234375 0.78046875 0.2875
2 0.48671875 0.571875 0.940625 0.6109375
3 0.47890625 0.3578125 0.75546875 0.19375
3 0.52890625 0.35 0.68359375 0.18203125
3 0.51484375 0.35 0.684375 0.18125
3 0.5296875 0.35 0.684375 0.18125
3 0.53125 0.4015625 0.77109375 0.284375
2 0.4859375 0.571875 0.94140625 0.6078125
3 0.48046875 0.3578125 0.75 0.19296875
3 0.484375 0.35 0.721875 0.1859375
3 0.5390625 0.3546875 0.61953125 0.18046875
3 0.5140625 0.34921875 0.69453125 0.1796875
2 0.47578125 0.56875 0.9265625 0.60390625
3 0.5390625 0.35 0.678125 0.184375
2 0.47734375 0.565625 0.93203125 0.628125
3 0.53828125 0.35 0.68203125 0.18125
2 0.4765625 0.565625 0.93359375 0.62265625
2 0.47578125 0.5671875 0.92890625 0.61875
2 0.47578125 0.5671875 0.92890625 0.61328125
3 0.496875 0.353125 0.6984375 0.1875
2 0.475 0.565625 0.93359375 0.62265625
3 0.484375 0.35703125 0.7359375 0.1890625
3 0.484375 0.35625 0.73046875 0.18828125
3 0.4859375 0.35625 0.728125 0.18671875
3 0.496875 0.353125 0.70703125 0.1890625
3 0.559375 0.35 0.57890625 0.17890625
3 0.52265625 0.35625 0.665625 0.18671875
3 0.503125 0.35390625 0.6890625 0.190625
3 0.52265625 0.35625 0.66796875 0.1890625
3 0.55546875 0.35390625 0.5890625 0.1796875
3 0.559375 0.35 0.5875 0.1796875
3 0.55703125 0.3546875 0.596875 0.18046875
3 0.50546875 0.3515625 0.6859375 0.1890625
3 0.5046875 0.353125 0.690625 0.1875
3 0.5390625 0.353125 0.65 0.1875
2 0.46953125 0.56484375 0.9390625 0.634375
2 0.46953125 0.5640625 0.9390625 0.63359375
2 0.46953125 0.56484375 0.9390625 0.6328125
3 0.54921875 0.35234375 0.6234375 0.1828125
3 0.54921875 0.3515625 0.6125 0.18359375
3 0.54921875 0.3515625 0.609375 0.18203125
3 0.5484375 0.35078125 0.628125 0.1828125
3 0.55 0.3515625 0.628125 0.1828125
3 0.534375 0.353125 0.646875 0.1859375
3 0.54453125 0.353125 0.64453125 0.18515625
3 0.540625 0.35234375 0.653125 0.1828125
3 0.54453125 0.35390625 0.646875 0.1859375
3 0.540625 0.353125 0.65 0.18359375
3 0.54453125 0.35390625 0.65 0.1859375
3 0.52734375 0.35234375 0.64609375 0.1859375
3 0.53515625 0.35078125 0.64609375 0.1859375
3 0.528125 0.3515625 0.65 0.18671875
3 0.534375 0.3515625 0.646875 0.18359375