3 0.51171875 0.41875 0.64296875 0.31015625
3 0.51015625 0.4203125 0.64609375 0.309375
3 0.54453125 0.4078125 0.578125 0.27890625
3 0.484375 0.425 0.68203125 0.32421875
3 0.484375 0.42421875 0.67890625 0.31875
3 0.48984375 0.409375 0.659375 0.2796875
3 0.4890625 0.409375 0.6609375 0.28046875
3 0.48359375 0.475 0.6890625 0.43203125
3 0.484375 0.3875 0.6625 0.253125
3 0.51015625 0.4046875 0.6515625 0.2875
3 0.509375 0.40390625 0.6515625 0.2859375
3 0.48359375 0.3859375 0.6609375 0.24609375
3 0.484375 0.38671875 0.659375 0.246875
3 0.528125 0.40859375 0.59453125 0.2796875
3 0.52421875 0.4125 0.609375 0.28515625
3 0.48359375 0.47421875 0.6890625 0.4296875
3 0.4828125 0.47421875 0.690625 0.43125
3 0.4875 0.403125 0.68359375 0.28203125
3 0.48671875 0.4046875 0.684375 0.28203125
3 0.52265625 0.39609375 0.59609375 0.2640625
3 0.528125 0.409375 0.5984375 0.28125
3 0.528125 0.40859375 0.59453125 0.2796875
3 0.5234375 0.4109375 0.6109375 0.284375
3 0.5234375 0.3953125 0.596875 0.259375
3 0.52421875 0.3953125 0.59609375 0.259375
3 0.52421875 0.4109375 0.6125 0.284375
3 0.4875 0.434375 0.6890625 0.359375
3 0.49765625 0.475 0.67109375 0.42890625
3 0.4984375 0.4734375 0.66953125 0.4265625
3 0.5046875 0.42890625 0.665625 0.340625
3 0.48828125 0.43125 0.6875 0.353125
3 0.4984375 0.47421875 0.66953125 0.4265625
3 0.48828125 0.4328125 0.6875 0.35390625
3 0.503125 0.42734375 0.665625 0.3390625
3 0.50390625 0.428125 0.6640625 0.3375
3 0.5171875 0.409375 0.6125 0.278125
3 0.51640625 0.409375 0.6109375 0.278125
3 0.496875 0.4 0.65546875 0.278125
3 0.496875 0.40078125 0.65703125 0.275
3 0.496875 0.4 0.65703125 0.275
3 0.5078125 0.4015625 0.640625 0.2765625
3 0.50859375 0.4015625 0.6390625 0.275
3 0.509375 0.4015625 0.6390625 0.27421875