3 0.115625 0.47421875 0.2234375 0.2265625
3 0.4640625 0.31328125 0.521875 0.31875
3 0.115625 0.4734375 0.2234375 0.22734375
3 0.278125 0.728125 0.365625 0.28203125
3 0.465625 0.3125 0.528125 0.31796875
3 0.27890625 0.72890625 0.3640625 0.2828125
3 0.28359375 0.71484375 0.4 0.2953125
3 0.26796875 0.6953125 0.34140625 0.240625
3 0.2671875 0.7171875 0.365625 0.2796875
3 0.27890625 0.71484375 0.3359375 0.2734375
3 0.2625 0.7109375 0.35546875 0.26953125
3 0.559375 0.58984375 0.35703125 0.1328125
3 0.58046875 0.59296875 0.30859375 0.1296875
3 0.27578125 0.728125 0.3875 0.2921875
3 0.2640625 0.71171875 0.36640625 0.28125
3 0.2640625 0.72578125 0.34140625 0.2859375
3 0.11484375 0.4734375 0.2265625 0.228125
3 0.27421875 0.728125 0.384375 0.29375
3 0.56484375 0.5921875 0.31796875 0.13125
3 0.57109375 0.5921875 0.33046875 0.14375
3 0.28046875 0.715625 0.35 0.27421875
3 0.26015625 0.721875 0.37109375 0.28046875
3 0.1140625 0.4734375 0.225 0.228125
3 0.58828125 0.59140625 0.2984375 0.1296875
3 0.26484375 0.7125 0.37109375 0.28359375
3 0.5890625 0.59140625 0.3 0.128125
3 0.4390625 0.31015625 0.51640625 0.321875
3 0.26640625 0.7171875 0.35546875 0.27890625
3 0.28046875 0.71484375 0.353125 0.2765625
3 0.5890625 0.59140625 0.3 0.1296875
3 0.26640625 0.7171875 0.35546875 0.27890625
3 0.26484375 0.7125 0.37109375 0.28359375
3 0.2640625 0.72578125 0.35 0.2828125
3 0.41796875 0.3109375 0.55859375 0.32109375
3 0.5625 0.59140625 0.325 0.1328125
3 0.56875 0.59296875 0.3125 0.1296875
3 0.4171875 0.3109375 0.5625 0.32109375
3 0.5625 0.5921875 0.325 0.13203125
3 0.121875 0.48046875 0.21796875 0.2203125
3 0.26875 0.6875 0.33203125 0.21484375
3 0.26328125 0.725 0.3515625 0.28671875
3 0.584375 0.5875 0.31796875 0.12578125
3 0.121875 0.48125 0.21796875 0.21953125
3 0.5734375 0.59375 0.296875 0.128125
3 0.12265625 0.46953125 0.234375 0.215625
3 0.121875 0.48125 0.21796875 0.21953125
3 0.26953125 0.6859375 0.33046875 0.21328125
3 0.12265625 0.46953125 0.234375 0.2171875
3 0.2625 0.72578125 0.35546875 0.2796875
3 0.26796875 0.71640625 0.3359375 0.2734375
3 0.259375 0.721875 0.371875 0.28671875
3 0.259375 0.721875 0.371875 0.284375
3 0.26328125 0.7265625 0.35703125 0.27890625
3 0.44140625 0.309375 0.5109375 0.32109375
3 0.440625 0.30859375 0.509375 0.3203125
3 0.278125 0.715625 0.36640625 0.28671875
3 0.2640625 0.725 0.36640625 0.29296875
3 0.27734375 0.715625 0.365625 0.2875
3 0.44453125 0.3109375 0.53359375 0.31953125
3 0.4453125 0.3109375 0.53203125 0.31953125
3 0.1171875 0.4765625 0.23203125 0.21875
3 0.57734375 0.59453125 0.30703125 0.1296875
3 0.1203125 0.475 0.2234375 0.221875
3 0.4328125 0.31328125 0.5515625 0.325
3 0.26484375 0.72421875 0.3734375 0.2921875
3 0.2640625 0.725 0.371875 0.29453125
3 0.11953125 0.475 0.225 0.22109375
3 0.5765625 0.59453125 0.30859375 0.1296875
3 0.26640625 0.7171875 0.346875 0.27265625
3 0.1203125 0.475 0.2265625 0.22109375
3 0.11640625 0.4765625 0.23046875 0.21875
3 0.571875 0.58828125 0.346875 0.134375
3 0.578125 0.5890625 0.328125 0.13046875
3 0.2671875 0.7171875 0.3484375 0.27578125
3 0.5765625 0.59453125 0.30859375 0.1296875
3 0.2640625 0.7203125 0.353125 0.2765625
3 0.2640625 0.7203125 0.353125 0.2765625
3 0.571875 0.59375 0.30546875 0.128125
3 0.58359375 0.59140625 0.2890625 0.1265625
3 0.57109375 0.59140625 0.346875 0.1328125
3 0.2921875 0.71875 0.4375 0.30703125
3 0.578125 0.59140625 0.30546875 0.125
3 0.12109375 0.475 0.23046875 0.221875
3 0.578125 0.5921875 0.33359375 0.13046875
3 0.28984375 0.71953125 0.42890625 0.3046875
3 0.57734375 0.59140625 0.33203125 0.1296875
3 0.578125 0.5921875 0.33359375 0.13046875
3 0.571875 0.59375 0.30546875 0.128125
3 0.57734375 0.590625 0.30703125 0.12578125
3 0.58359375 0.590625 0.29453125 0.12734375
3 0.1203125 0.475 0.23203125 0.221875
3 0.4359375 0.3125 0.54140625 0.325
3 0.565625 0.58984375 0.346875 0.1296875
3 0.43671875 0.3125 0.54296875 0.325
3 0.58359375 0.59140625 0.29453125 0.1265625
3 0.565625 0.58984375 0.35 0.1296875
3 0.56484375 0.58984375 0.3484375 0.13125
3 0.56953125 0.59140625 0.31640625 0.1296875
3 0.56875 0.5921875 0.315625 0.13125
3 0.571875 0.5875 0.34453125 0.13046875
3 0.575 0.5921875 0.29453125 0.12734375
3 0.578125 0.590625 0.30546875 0.12890625
3 0.575 0.58984375 0.33359375 0.13125
3 0.578125 0.590625 0.30546875 0.128125
3 0.57421875 0.58984375 0.33203125 0.13125
3 0.571875 0.59140625 0.31640625 0.1296875
3 0.57421875 0.58984375 0.33203125 0.1296875
3 0.571875 0.590625 0.31640625 0.128125
3 0.571875 0.590625 0.34296875 0.13125
3 0.5765625 0.5921875 0.30859375 0.13125
3 0.57421875 0.5921875 0.315625 0.13046875
3 0.5734375 0.59140625 0.3140625 0.13125
3 0.5734375 0.5921875 0.3140625 0.13046875
3 0.57578125 0.5921875 0.3125 0.13125
3 0.57265625 0.5921875 0.3125 0.13125
3 0.5734375 0.59140625 0.30859375 0.128125
3 0.57421875 0.59140625 0.30703125 0.128125