3 0.6109375 0.48203125 0.70546875 0.1359375
3 0.609375 0.490625 0.6640625 0.14609375
3 0.60859375 0.490625 0.66640625 0.146875
3 0.596875 0.47734375 0.696875 0.1296875
3 0.60234375 0.49140625 0.67109375 0.1546875
3 0.61015625 0.48125 0.70390625 0.13125
3 0.6328125 0.48125 0.7015625 0.13671875
3 0.6328125 0.48203125 0.70390625 0.1359375
3 0.63046875 0.490625 0.70546875 0.153125
3 0.6296875 0.490625 0.70390625 0.1515625
3 0.6 0.496875 0.71640625 0.15625
3 0.60078125 0.49609375 0.715625 0.1546875
3 0.63359375 0.48203125 0.69453125 0.13125
3 0.634375 0.48203125 0.6984375 0.1328125
3 0.62421875 0.49453125 0.70390625 0.1546875
3 0.6328125 0.4890625 0.7015625 0.146875
3 0.60234375 0.48828125 0.665625 0.1421875
3 0.6234375 0.49375 0.703125 0.1515625
3 0.6015625 0.4875 0.6609375 0.140625
3 0.62265625 0.4984375 0.6734375 0.16640625
3 0.6328125 0.4890625 0.70703125 0.14921875
3 0.6203125 0.4953125 0.66796875 0.15625
3 0.62265625 0.496875 0.67109375 0.1625
3 0.62421875 0.49765625 0.6734375 0.1609375
3 0.60859375 0.48203125 0.7 0.1359375
3 0.609375 0.4828125 0.6984375 0.13515625
3 0.609375 0.490625 0.70390625 0.15
3 0.609375 0.48984375 0.70390625 0.1484375
3 0.6375 0.4875 0.6859375 0.1421875
3 0.6203125 0.4875 0.709375 0.146875
3 0.6359375 0.48984375 0.69453125 0.1484375
3 0.6359375 0.4859375 0.68359375 0.13984375
3 0.6359375 0.4890625 0.69453125 0.14609375
3 0.61875 0.48671875 0.70703125 0.1421875
3 0.61328125 0.4890625 0.7125 0.14765625
3 0.62109375 0.49140625 0.6640625 0.1484375
3 0.62109375 0.490625 0.6609375 0.14609375
3 0.6109375 0.4875 0.70546875 0.14375