3 0.36640625 0.43125 0.6890625 0.31640625
3 0.26484375 0.4515625 0.20390625 0.07109375
3 0.4703125 0.3859375 0.915625 0.240625
3 0.340625 0.46328125 0.54140625 0.2796875
3 0.3671875 0.43125 0.69296875 0.30859375
3 0.47109375 0.3859375 0.9140625 0.24140625
3 0.47109375 0.3859375 0.9140625 0.24375
3 0.38515625 0.45 0.70703125 0.3484375
3 0.2640625 0.4515625 0.1609375 0.06640625
3 0.2640625 0.4515625 0.1609375 0.06796875
3 0.384375 0.4515625 0.7109375 0.35625
3 0.37734375 0.4390625 0.6984375 0.33359375
3 0.41484375 0.41015625 0.78203125 0.2921875
3 0.2625 0.4515625 0.16953125 0.065625
3 0.375 0.4109375 0.721875 0.27734375
3 0.371875 0.43828125 0.7 0.3234375
3 0.40078125 0.43984375 0.759375 0.3390625
3 0.4140625 0.41015625 0.78359375 0.2890625
3 0.3828125 0.42421875 0.709375 0.3078125
3 0.41484375 0.4109375 0.784375 0.28828125
3 0.4 0.43984375 0.7609375 0.3375
3 0.378125 0.4375 0.7 0.32734375
3 0.37421875 0.41015625 0.72109375 0.275
3 0.40078125 0.43984375 0.759375 0.3375
3 0.375 0.4109375 0.721875 0.275
3 0.265625 0.4515625 0.16953125 0.06796875
3 0.265625 0.45234375 0.16953125 0.0671875
3 0.265625 0.45234375 0.16953125 0.0671875
3 0.26484375 0.45234375 0.16796875 0.0671875
3 0.26484375 0.4515625 0.16796875 0.06640625
3 0.2640625 0.45234375 0.16640625 0.0671875
3 0.26484375 0.45234375 0.16796875 0.0671875
3 0.265625 0.4515625 0.16953125 0.06875
3 0.38203125 0.42421875 0.703125 0.3015625
3 0.378125 0.425 0.6890625 0.29375
3 0.3953125 0.4515625 0.7375 0.3578125
3 0.3890625 0.434375 0.71953125 0.31875
3 0.38828125 0.434375 0.72109375 0.31953125
3 0.39453125 0.45 0.7390625 0.35703125
3 0.3953125 0.44921875 0.7375 0.3578125
3 0.39609375 0.4296875 0.7359375 0.3265625
3 0.3953125 0.43046875 0.7375 0.3234375
3 0.39609375 0.43046875 0.7390625 0.321875