2 0.49375 0.5921875 0.9765625 0.49375
2 0.4921875 0.615625 0.984375 0.50546875
2 0.49453125 0.5921875 0.978125 0.49453125
2 0.49453125 0.59140625 0.978125 0.4921875
2 0.49296875 0.615625 0.9859375 0.50625
2 0.4921875 0.615625 0.984375 0.50546875
2 0.50390625 0.59609375 0.96953125 0.4828125
2 0.503125 0.59609375 0.971875 0.4984375
2 0.503125 0.5953125 0.971875 0.49921875
2 0.509375 0.59609375 0.97109375 0.4984375
2 0.50859375 0.5953125 0.971875 0.496875
2 0.50859375 0.5953125 0.971875 0.5
2 0.515625 0.59765625 0.9625 0.484375
2 0.503125 0.61875 0.9734375 0.5140625
2 0.4953125 0.6 0.97109375 0.50234375
2 0.503125 0.61875 0.9734375 0.51640625
2 0.503125 0.61875 0.975 0.5171875
2 0.4953125 0.6 0.9734375 0.5
2 0.49453125 0.6 0.971875 0.503125
2 0.5171875 0.59765625 0.9625 0.5015625
2 0.51796875 0.596875 0.9640625 0.5
2 0.503125 0.625 0.978125 0.50078125
2 0.51015625 0.61875 0.97109375 0.503125
2 0.50234375 0.6234375 0.9765625 0.51171875
2 0.49296875 0.621875 0.975 0.51640625
2 0.51171875 0.61796875 0.965625 0.515625
2 0.503125 0.6234375 0.978125 0.515625
2 0.49453125 0.621875 0.978125 0.51875
2 0.49453125 0.621875 0.978125 0.51796875
2 0.5109375 0.61796875 0.96640625 0.51875