3 0.5078125 0.63125 0.94609375 0.496875
3 0.48203125 0.6296875 0.925 0.5
3 0.48359375 0.63046875 0.928125 0.4984375
3 0.4828125 0.6296875 0.9265625 0.49765625
3 0.471875 0.6046875 0.9390625 0.51875
3 0.471875 0.60390625 0.94375 0.5171875
3 0.47265625 0.6046875 0.940625 0.515625
3 0.496875 0.628125 0.971875 0.509375
3 0.496875 0.628125 0.978125 0.5078125
3 0.49765625 0.628125 0.9765625 0.5078125
3 0.48828125 0.6265625 0.9625 0.50859375
3 0.4890625 0.6265625 0.9609375 0.50625
3 0.48984375 0.6265625 0.9625 0.50625