3 0.4859375 0.546875 0.90859375 0.31640625
3 0.49453125 0.571875 0.95546875 0.3625
3 0.509375 0.534375 0.95390625 0.30234375
3 0.5109375 0.578125 0.9609375 0.384375
3 0.49453125 0.57109375 0.95859375 0.3640625
3 0.509375 0.5765625 0.9640625 0.38671875
3 0.5078125 0.60625 0.965625 0.44453125
3 0.50859375 0.534375 0.95546875 0.30234375
3 0.48515625 0.546875 0.92109375 0.315625
3 0.5078125 0.60625 0.965625 0.440625
3 0.50859375 0.60625 0.96640625 0.440625
3 0.5203125 0.54921875 0.92890625 0.3265625
3 0.52109375 0.54921875 0.946875 0.325
3 0.496875 0.55625 0.95546875 0.34453125
3 0.50625 0.5625 0.959375 0.3640625
3 0.496875 0.55546875 0.95703125 0.3421875
3 0.49765625 0.55546875 0.959375 0.3421875
3 0.50703125 0.5625 0.9609375 0.36015625
3 0.50703125 0.56171875 0.9609375 0.3609375