3 0.3640625 0.41171875 0.721875 0.3171875
3 0.371875 0.40234375 0.728125 0.3140625
3 0.3625 0.40859375 0.725 0.3140625
3 0.3765625 0.40234375 0.753125 0.3171875
3 0.3625 0.409375 0.725 0.3125
3 0.3625 0.40859375 0.725 0.3125
3 0.3765625 0.40234375 0.753125 0.3171875
3 0.3765625 0.40234375 0.753125 0.3171875
3 0.37734375 0.39296875 0.75390625 0.3234375
3 0.39375 0.39140625 0.759375 0.3328125
3 0.37734375 0.39296875 0.75390625 0.3234375
3 0.378125 0.39296875 0.75546875 0.3234375
3 0.39453125 0.390625 0.7609375 0.33359375
3 0.39375 0.3921875 0.765625 0.33515625
3 0.39140625 0.4109375 0.74453125 0.315625
3 0.390625 0.4109375 0.74296875 0.31796875
3 0.38046875 0.39609375 0.753125 0.3234375
3 0.38046875 0.3953125 0.75546875 0.32265625
3 0.38046875 0.3953125 0.75546875 0.32265625
3 0.37109375 0.3953125 0.7359375 0.33125
3 0.371875 0.3953125 0.734375 0.33125
3 0.37109375 0.396875 0.7390625 0.3234375
3 0.37109375 0.396875 0.7390625 0.32265625
3 0.37109375 0.396875 0.7390625 0.32265625
3 0.37265625 0.39921875 0.73203125 0.3328125
3 0.38984375 0.3953125 0.7484375 0.33125
3 0.37421875 0.39921875 0.734375 0.3328125
3 0.37421875 0.39921875 0.734375 0.3328125
3 0.378125 0.3984375 0.734375 0.33125
3 0.38984375 0.3953125 0.74609375 0.33125
3 0.37890625 0.3984375 0.7359375 0.33125
3 0.3796875 0.3984375 0.7375 0.33125