3 0.5921875 0.209375 0.1125 0.03828125
3 0.5 0.4734375 0.44140625 0.18671875
3 0.515625 0.46171875 0.45 0.1828125
3 0.5921875 0.209375 0.1125 0.03828125
3 0.50390625 0.4734375 0.4390625 0.18125
3 0.515625 0.46875 0.4609375 0.2
3 0.596875 0.209375 0.11640625 0.03828125
3 0.503125 0.4734375 0.4375 0.18203125
3 0.58984375 0.21015625 0.0984375 0.0359375
3 0.52890625 0.465625 0.453125 0.18046875
3 0.5140625 0.4578125 0.4359375 0.16875
3 0.515625 0.46171875 0.453125 0.1828125
3 0.5 0.4703125 0.45546875 0.18515625
3 0.5859375 0.21171875 0.10546875 0.0375
3 0.51484375 0.4625 0.45390625 0.1828125
3 0.5859375 0.21171875 0.10546875 0.0375
3 0.51484375 0.4578125 0.434375 0.16875
3 0.49765625 0.4640625 0.4484375 0.17734375
3 0.5921875 0.21171875 0.10703125 0.0359375
3 0.59453125 0.21015625 0.1109375 0.0390625
3 0.5921875 0.21171875 0.10703125 0.0359375
3 0.59453125 0.209375 0.1109375 0.03984375
3 0.59453125 0.2109375 0.11640625 0.03984375
3 0.5140625 0.4625 0.44453125 0.18359375
3 0.5140625 0.4625 0.446875 0.184375
3 0.528125 0.47109375 0.45390625 0.1875
3 0.59296875 0.209375 0.11640625 0.03984375
3 0.59453125 0.2109375 0.11640625 0.03984375
3 0.5875 0.21015625 0.10546875 0.0375
3 0.59453125 0.209375 0.11640625 0.0390625
3 0.59453125 0.2109375 0.1140625 0.03984375
3 0.51484375 0.46953125 0.465625 0.2015625
3 0.58828125 0.21015625 0.10390625 0.0375
3 0.59375 0.2109375 0.1125 0.03984375
3 0.59375 0.209375 0.115625 0.040625
3 0.5109375 0.4703125 0.46640625 0.203125
3 0.59453125 0.209375 0.1140625 0.040625
3 0.5890625 0.2109375 0.10546875 0.0375
3 0.58984375 0.2109375 0.10703125 0.03671875
3 0.590625 0.2109375 0.10859375 0.03671875
3 0.5890625 0.2109375 0.10546875 0.0375
3 0.590625 0.21015625 0.10703125 0.0359375
3 0.590625 0.21015625 0.10703125 0.0359375
3 0.515625 0.4734375 0.4515625 0.1859375
3 0.5140625 0.46640625 0.45 0.1828125
3 0.515625 0.46484375 0.434375 0.1734375
3 0.515625 0.4734375 0.453125 0.18515625
3 0.515625 0.4703125 0.453125 0.1875
3 0.515625 0.4734375 0.453125 0.18671875
3 0.51484375 0.4703125 0.4375 0.18046875
3 0.51484375 0.4703125 0.4375 0.178125
3 0.5140625 0.4734375 0.45 0.18203125
3 0.515625 0.4640625 0.4359375 0.171875
3 0.5140625 0.4734375 0.45 0.184375
3 0.515625 0.4640625 0.4359375 0.171875
3 0.5140625 0.4703125 0.44453125 0.18671875
3 0.51640625 0.46953125 0.45 0.18125
3 0.51015625 0.4703125 0.45390625 0.18125
3 0.5078125 0.465625 0.434375 0.171875
3 0.50703125 0.465625 0.4359375 0.1734375
3 0.51796875 0.46953125 0.453125 0.1828125
3 0.51171875 0.4703125 0.44609375 0.18515625
3 0.50859375 0.46875 0.44453125 0.18203125
3 0.51484375 0.4703125 0.4484375 0.184375
3 0.50859375 0.46875 0.44453125 0.18359375
3 0.5140625 0.46953125 0.45 0.1859375
3 0.51328125 0.4703125 0.4515625 0.18359375
3 0.51171875 0.47109375 0.44296875 0.1859375
3 0.50859375 0.4703125 0.45546875 0.18359375
3 0.5125 0.4671875 0.4390625 0.178125
3 0.509375 0.46953125 0.45859375 0.1828125
3 0.5125 0.46875 0.44453125 0.184375
3 0.51171875 0.46796875 0.4375 0.1765625
3 0.5125 0.46875 0.446875 0.18359375
3 0.51328125 0.46875 0.45703125 0.18515625
3 0.5125 0.46953125 0.45859375 0.1859375
3 0.5125 0.4671875 0.44140625 0.1765625
3 0.51171875 0.46640625 0.440625 0.1765625
3 0.51171875 0.4703125 0.44609375 0.18515625
3 0.51171875 0.46953125 0.459375 0.1859375
3 0.51328125 0.4703125 0.459375 0.18671875
3 0.51328125 0.465625 0.440625 0.17421875
3 0.51328125 0.46953125 0.45703125 0.1859375
3 0.5125 0.4671875 0.4390625 0.17578125
3 0.5125 0.4703125 0.446875 0.184375
3 0.51328125 0.46640625 0.440625 0.171875
3 0.51328125 0.46796875 0.4375 0.1765625
3 0.51328125 0.4703125 0.45703125 0.18515625
3 0.5109375 0.4703125 0.45 0.18203125
3 0.51015625 0.46953125 0.4484375 0.1828125