3 0.44921875 0.42265625 0.50390625 0.1671875
3 0.48359375 0.4265625 0.528125 0.1671875
3 0.44375 0.42421875 0.53203125 0.1640625
3 0.4421875 0.42421875 0.53203125 0.1640625
3 0.48203125 0.42734375 0.528125 0.1671875
3 0.4609375 0.42109375 0.521875 0.175
3 0.459375 0.434375 0.55390625 0.175
3 0.459375 0.434375 0.553125 0.1765625
3 0.4609375 0.42265625 0.53359375 0.1765625
3 0.46640625 0.4171875 0.51953125 0.15625
3 0.46796875 0.4234375 0.525 0.16484375
3 0.4671875 0.4171875 0.51796875 0.15625
3 0.46796875 0.42265625 0.525 0.1640625
3 0.4578125 0.42109375 0.55390625 0.1671875
3 0.45703125 0.4203125 0.55546875 0.16796875
3 0.46015625 0.42109375 0.5234375 0.1609375
3 0.4625 0.41875 0.5140625 0.1578125
3 0.4609375 0.4203125 0.521875 0.16171875
3 0.46171875 0.41875 0.515625 0.1578125
3 0.44609375 0.4265625 0.546875 0.171875
3 0.44609375 0.4265625 0.546875 0.171875
3 0.459375 0.42578125 0.546875 0.1703125
3 0.45703125 0.4265625 0.553125 0.171875
3 0.459375 0.42578125 0.546875 0.1703125
3 0.4578125 0.4265625 0.5515625 0.17109375
3 0.45703125 0.425 0.553125 0.17109375
3 0.45625 0.425 0.5484375 0.17109375
3 0.45546875 0.4265625 0.55859375 0.171875
3 0.45546875 0.4265625 0.55859375 0.171875