3 0.35390625 0.35 0.678125 0.22109375
3 0.35703125 0.35 0.6859375 0.22265625
3 0.503125 0.37265625 0.9765625 0.2734375
3 0.503125 0.371875 0.9734375 0.27578125
3 0.496875 0.3625 0.96796875 0.25859375
3 0.3375 0.34921875 0.65546875 0.2265625
3 0.4796875 0.359375 0.9234375 0.246875
3 0.328125 0.34921875 0.63203125 0.2203125
3 0.328125 0.35 0.6375 0.22109375
3 0.33515625 0.3484375 0.65390625 0.22578125
3 0.34140625 0.35234375 0.6828125 0.2359375
3 0.33515625 0.35 0.65703125 0.22578125
3 0.4890625 0.36796875 0.971875 0.2609375
3 0.47578125 0.36875 0.9484375 0.26328125
3 0.4890625 0.36796875 0.96953125 0.259375
3 0.49609375 0.3609375 0.96953125 0.253125
3 0.48828125 0.3671875 0.97109375 0.26015625
3 0.496875 0.3609375 0.96796875 0.25234375
3 0.46328125 0.3546875 0.9234375 0.24453125
3 0.340625 0.35390625 0.68046875 0.2328125
3 0.47421875 0.3671875 0.94609375 0.2609375
3 0.334375 0.3546875 0.6609375 0.2328125
3 0.475 0.3671875 0.946875 0.26015625
3 0.334375 0.35390625 0.659375 0.23125
3 0.4640625 0.3546875 0.921875 0.24375
3 0.46328125 0.35546875 0.91796875 0.2421875
3 0.446875 0.359375 0.8859375 0.25078125
3 0.44296875 0.3578125 0.878125 0.24765625
3 0.43984375 0.35859375 0.8734375 0.246875