3 0.4109375 0.271875 0.753125 0.16640625
3 0.43125 0.26171875 0.809375 0.1609375
3 0.4296875 0.2625 0.809375 0.16015625
3 0.421875 0.2625 0.81640625 0.16484375
3 0.42109375 0.2625 0.81953125 0.1640625
3 0.40859375 0.265625 0.75546875 0.16171875
3 0.403125 0.26640625 0.7890625 0.1640625
3 0.4203125 0.2671875 0.81796875 0.165625
3 0.41953125 0.2671875 0.81640625 0.16484375
3 0.4125 0.271875 0.775 0.16953125
3 0.4109375 0.26953125 0.8 0.1765625
3 0.4203125 0.26640625 0.81796875 0.1640625
3 0.403125 0.265625 0.7859375 0.16171875
3 0.403125 0.265625 0.7859375 0.1609375
3 0.409375 0.265625 0.778125 0.1625
3 0.41953125 0.2703125 0.81953125 0.178125
3 0.41015625 0.26796875 0.79609375 0.16875
3 0.421875 0.26875 0.81796875 0.16484375
3 0.42265625 0.26875 0.82109375 0.165625
3 0.4109375 0.2671875 0.796875 0.16875
3 0.403125 0.26875 0.803125 0.16796875
3 0.40625 0.265625 0.80390625 0.16171875
3 0.403125 0.26953125 0.803125 0.1671875
3 0.40703125 0.265625 0.803125 0.1609375
3 0.4140625 0.27421875 0.81640625 0.1734375
3 0.4140625 0.275 0.81640625 0.1734375
3 0.41953125 0.2671875 0.81640625 0.16953125
3 0.41953125 0.26875 0.81640625 0.16953125
3 0.40859375 0.26875 0.8 0.16640625
3 0.4078125 0.26875 0.80390625 0.16875
3 0.41171875 0.26875 0.809375 0.16875
3 0.41171875 0.26875 0.8125 0.16796875