3 0.4828125 0.3609375 0.715625 0.22890625
3 0.4828125 0.3609375 0.715625 0.22734375
3 0.490625 0.3625 0.6859375 0.24296875
3 0.48359375 0.3609375 0.71640625 0.22734375
3 0.4890625 0.36328125 0.69140625 0.24375
3 0.5203125 0.365625 0.6234375 0.22578125
3 0.51875 0.359375 0.67109375 0.22421875
3 0.51875 0.36015625 0.6734375 0.2234375
3 0.51796875 0.359375 0.675 0.221875
3 0.5203125 0.36484375 0.640625 0.2265625
3 0.51328125 0.3703125 0.71796875 0.24921875
3 0.5125 0.36875 0.71953125 0.24921875
3 0.51640625 0.3609375 0.64140625 0.23203125
3 0.5125 0.3703125 0.71953125 0.24765625
3 0.515625 0.3609375 0.64609375 0.23515625
3 0.48125 0.3703125 0.73203125 0.25078125
3 0.48203125 0.36953125 0.73359375 0.2515625
3 0.5078125 0.3765625 0.74609375 0.26640625
3 0.4828125 0.3703125 0.734375 0.25
3 0.484375 0.37421875 0.703125 0.2484375
3 0.50546875 0.3734375 0.74453125 0.26640625
3 0.484375 0.375 0.70859375 0.25
3 0.50859375 0.36875 0.7109375 0.25078125
3 0.50859375 0.36953125 0.7109375 0.253125
3 0.50625 0.375 0.740625 0.2640625
3 0.50546875 0.3796875 0.74453125 0.265625
3 0.50546875 0.3796875 0.74453125 0.26953125
3 0.5109375 0.371875 0.6609375 0.24921875
3 0.4875 0.3734375 0.7390625 0.246875
3 0.47890625 0.371875 0.725 0.25546875
3 0.509375 0.3734375 0.725 0.24765625
3 0.4796875 0.37109375 0.7265625 0.2578125
3 0.5109375 0.37265625 0.66640625 0.2515625
3 0.48828125 0.3734375 0.740625 0.246875
3 0.48828125 0.3734375 0.740625 0.246875
3 0.509375 0.3734375 0.7265625 0.246875
3 0.509375 0.3734375 0.728125 0.246875
3 0.49921875 0.38359375 0.8015625 0.2765625
3 0.4828125 0.378125 0.7625 0.26796875
3 0.471875 0.38125 0.75546875 0.27265625
3 0.47265625 0.38125 0.7515625 0.26875
3 0.4875 0.378125 0.771875 0.26171875
3 0.47890625 0.38359375 0.803125 0.2765625
3 0.5046875 0.378125 0.76796875 0.2625
3 0.484375 0.3765625 0.759375 0.26796875
3 0.4984375 0.3828125 0.796875 0.275
3 0.4984375 0.3828125 0.8 0.275
3 0.48671875 0.378125 0.77109375 0.26171875
3 0.50546875 0.378125 0.76640625 0.2625
3 0.484375 0.378125 0.75859375 0.26640625
3 0.5046875 0.378125 0.76796875 0.26171875
3 0.48671875 0.378125 0.7734375 0.2625
3 0.4796875 0.3828125 0.7984375 0.275
3 0.4796875 0.3828125 0.8015625 0.275