3 0.6140625 0.44375 0.6609375 0.19296875
3 0.61328125 0.44375 0.659375 0.19140625
3 0.490625 0.46171875 0.84140625 0.2359375
3 0.4703125 0.46640625 0.9375 0.2421875
3 0.47109375 0.465625 0.94140625 0.24375
3 0.490625 0.45859375 0.83359375 0.2328125
3 0.46328125 0.471875 0.85390625 0.253125
3 0.528125 0.4578125 0.85 0.22109375
3 0.52890625 0.45703125 0.84140625 0.2171875
3 0.4625 0.47265625 0.85546875 0.2515625
3 0.559375 0.465625 0.753125 0.24375
3 0.52890625 0.4578125 0.84453125 0.2171875
3 0.54921875 0.44453125 0.78203125 0.2
3 0.58671875 0.4671875 0.7015625 0.234375
3 0.5859375 0.4671875 0.70546875 0.2375
3 0.54921875 0.44375 0.7765625 0.19765625
3 0.4796875 0.46171875 0.87890625 0.240625
3 0.54921875 0.46875 0.71796875 0.2390625
3 0.55 0.44375 0.78046875 0.196875
3 0.54765625 0.46875 0.72109375 0.240625
3 0.48125 0.4609375 0.8765625 0.234375
3 0.48203125 0.4609375 0.875 0.234375
3 0.48515625 0.47578125 0.90390625 0.2671875
3 0.5265625 0.45703125 0.825 0.2296875
3 0.559375 0.4625 0.74296875 0.234375
3 0.48515625 0.475 0.9015625 0.26484375
3 0.48515625 0.475 0.9015625 0.2640625
3 0.559375 0.4609375 0.7359375 0.23125
3 0.528125 0.4546875 0.81640625 0.221875
3 0.528125 0.4546875 0.815625 0.22109375
3 0.5296875 0.4703125 0.834375 0.2546875
3 0.53046875 0.46875 0.828125 0.25
3 0.53125 0.46875 0.8234375 0.25