3 0.75234375 0.39453125 0.4953125 0.1203125
3 0.7515625 0.3953125 0.49453125 0.121875
3 0.5015625 0.56328125 0.996875 0.5171875
3 0.503125 0.5640625 0.99296875 0.5140625
3 0.5015625 0.56484375 0.996875 0.5140625
3 0.5015625 0.56484375 0.996875 0.5140625
3 0.5015625 0.56484375 0.996875 0.5109375
3 0.7578125 0.39609375 0.484375 0.1265625
3 0.5015625 0.56328125 0.996875 0.5109375
3 0.7734375 0.396875 0.453125 0.12265625
3 0.76640625 0.40234375 0.45546875 0.1328125
3 0.76796875 0.4015625 0.453125 0.13125