3 0.490625 0.2859375 0.6375 0.18046875
3 0.334375 0.5171875 0.48046875 0.246875
3 0.5828125 0.2859375 0.790625 0.190625
3 0.34453125 0.50625 0.4890625 0.228125
3 0.490625 0.28671875 0.64296875 0.18125
3 0.34296875 0.50625 0.4859375 0.228125
3 0.334375 0.51796875 0.48203125 0.2453125
3 0.528125 0.2875 0.70390625 0.18359375
3 0.3375 0.51171875 0.48046875 0.2375
3 0.5765625 0.2875 0.76640625 0.18828125
3 0.3375 0.5109375 0.478125 0.23515625
3 0.578125 0.2921875 0.8015625 0.1875
3 0.5296875 0.2875 0.71796875 0.18515625
3 0.578125 0.2921875 0.80703125 0.18984375
3 0.50703125 0.2859375 0.703125 0.184375
3 0.578125 0.28828125 0.7984375 0.1921875
3 0.5078125 0.2859375 0.6984375 0.184375
3 0.55859375 0.2859375 0.79453125 0.203125
3 0.57890625 0.2875 0.8 0.190625
3 0.57890625 0.290625 0.81953125 0.18984375
3 0.57890625 0.2875 0.8 0.18984375
3 0.57890625 0.28984375 0.81953125 0.190625
3 0.57890625 0.290625 0.81953125 0.18984375
3 0.5625 0.28671875 0.80546875 0.20625
3 0.54609375 0.29140625 0.7640625 0.184375
3 0.54609375 0.290625 0.76640625 0.18671875
3 0.53359375 0.28515625 0.7609375 0.1859375
3 0.53203125 0.28515625 0.75859375 0.184375
3 0.56640625 0.2921875 0.81953125 0.18828125
3 0.5671875 0.2921875 0.81796875 0.18828125
3 0.56640625 0.2921875 0.81953125 0.18828125
3 0.56875 0.28984375 0.80703125 0.1921875
3 0.56875 0.2875 0.8015625 0.18828125
3 0.56875 0.28671875 0.80703125 0.1890625
3 0.5671875 0.2890625 0.80390625 0.1890625
3 0.56875 0.290625 0.80703125 0.19140625
3 0.56953125 0.290625 0.80546875 0.18984375
3 0.5671875 0.290625 0.8125 0.18671875
3 0.5671875 0.290625 0.815625 0.18671875
3 0.56796875 0.2890625 0.8140625 0.18671875
3 0.56640625 0.28828125 0.803125 0.1859375
3 0.565625 0.2890625 0.803125 0.18671875
3 0.55 0.2859375 0.7640625 0.18515625
3 0.5484375 0.28671875 0.76953125 0.1859375
3 0.5625 0.28828125 0.79140625 0.190625
3 0.5625 0.2875 0.79140625 0.190625
3 0.5578125 0.2875 0.78203125 0.18828125
3 0.55703125 0.2875 0.78046875 0.18671875