3 0.4765625 0.5 0.596875 0.1265625
3 0.50390625 0.51015625 0.60859375 0.1359375
3 0.50390625 0.51015625 0.60546875 0.134375
3 0.51171875 0.50625 0.62109375 0.134375
3 0.46015625 0.50859375 0.54609375 0.1390625
3 0.475 0.509375 0.59453125 0.13046875
3 0.47421875 0.5046875 0.5484375 0.1234375
3 0.453125 0.5078125 0.52890625 0.125
3 0.47421875 0.509375 0.59609375 0.12890625
3 0.4734375 0.50546875 0.553125 0.1234375
3 0.453125 0.50859375 0.53203125 0.125
3 0.4640625 0.50390625 0.571875 0.13125
3 0.4640625 0.50390625 0.571875 0.1296875
3 0.48515625 0.509375 0.5734375 0.13125
3 0.484375 0.509375 0.575 0.13125
3 0.4984375 0.50625 0.60859375 0.1328125
3 0.49921875 0.50625 0.6125 0.134375
3 0.47578125 0.509375 0.57890625 0.134375
3 0.475 0.509375 0.578125 0.1328125
3 0.471875 0.50546875 0.6 0.1359375
3 0.4703125 0.5078125 0.54609375 0.125
3 0.46953125 0.50859375 0.55 0.1265625
3 0.478125 0.50625 0.58203125 0.13125
3 0.478125 0.50625 0.58359375 0.13125
3 0.4609375 0.50625 0.5390625 0.125
3 0.46171875 0.50625 0.5375 0.12578125
3 0.49375 0.50625 0.6125 0.1375
3 0.49453125 0.50625 0.6109375 0.13671875
3 0.47265625 0.50546875 0.59296875 0.13125
3 0.48828125 0.5046875 0.60703125 0.134375
3 0.478125 0.50625 0.5890625 0.13359375
3 0.48515625 0.50546875 0.60703125 0.134375
3 0.47734375 0.50703125 0.590625 0.1328125
3 0.459375 0.5078125 0.54140625 0.12734375
3 0.46015625 0.5078125 0.540625 0.128125
3 0.49453125 0.50546875 0.60546875 0.1296875
3 0.49453125 0.5046875 0.60546875 0.12890625
3 0.48671875 0.5046875 0.6015625 0.13125
3 0.484375 0.50546875 0.603125 0.1296875
3 0.484375 0.50546875 0.603125 0.1296875
3 0.48515625 0.50546875 0.6015625 0.1296875