3 0.44921875 0.325 0.7984375 0.11171875
3 0.4671875 0.49921875 0.934375 0.4296875
3 0.4265625 0.3328125 0.76953125 0.11796875
3 0.4328125 0.33359375 0.74296875 0.1125
3 0.46796875 0.49921875 0.9359375 0.428125
3 0.4625 0.33125 0.73046875 0.10859375
3 0.46953125 0.5 0.9390625 0.43125
3 0.43515625 0.33359375 0.77890625 0.1296875
3 0.409375 0.334375 0.759375 0.115625
3 0.4484375 0.33671875 0.80859375 0.1109375
3 0.4265625 0.3328125 0.76953125 0.11484375
3 0.434375 0.3296875 0.74296875 0.1125
3 0.46484375 0.328125 0.7234375 0.10546875
3 0.4640625 0.33125 0.74453125 0.11015625
3 0.41171875 0.334375 0.75390625 0.11875
3 0.446875 0.33203125 0.75390625 0.1140625
3 0.44921875 0.325 0.790625 0.10625
3 0.41328125 0.334375 0.75703125 0.11640625
3 0.44609375 0.33125 0.75859375 0.11171875
3 0.465625 0.32734375 0.7390625 0.10625
3 0.42890625 0.334375 0.76640625 0.1125
3 0.471875 0.328125 0.79453125 0.11171875
3 0.42890625 0.334375 0.76640625 0.1109375
3 0.4359375 0.3265625 0.75546875 0.10703125
3 0.4859375 0.328125 0.73359375 0.10234375
3 0.41875 0.3296875 0.74609375 0.11171875
3 0.48671875 0.328125 0.72890625 0.1
3 0.4203125 0.33046875 0.74609375 0.1109375
3 0.465625 0.3265625 0.7625 0.10625
3 0.4484375 0.3328125 0.778125 0.10703125
3 0.4484375 0.3328125 0.775 0.10625
3 0.446875 0.328125 0.746875 0.109375
3 0.44609375 0.32734375 0.746875 0.1078125
3 0.47421875 0.328125 0.78203125 0.10546875
3 0.453125 0.3296875 0.7890625 0.11484375
3 0.43671875 0.33125 0.759375 0.11328125
3 0.4515625 0.33046875 0.7640625 0.1078125
3 0.453125 0.3296875 0.78359375 0.11015625
3 0.45234375 0.33125 0.759375 0.10703125