3 0.51484375 0.50703125 0.80703125 0.4171875
3 0.515625 0.50703125 0.80859375 0.4171875
3 0.48984375 0.46484375 0.82890625 0.38125
3 0.4890625 0.46484375 0.828125 0.38125
3 0.4859375 0.50546875 0.828125 0.425
3 0.4859375 0.50625 0.83046875 0.42421875
3 0.4859375 0.50625 0.83046875 0.42421875
3 0.49296875 0.4953125 0.821875 0.40234375
3 0.51015625 0.48046875 0.8265625 0.39375
3 0.503125 0.49453125 0.8265625 0.3953125
3 0.51015625 0.4796875 0.82890625 0.39140625
3 0.49296875 0.4953125 0.825 0.40234375
3 0.49296875 0.4953125 0.825 0.4015625
3 0.503125 0.49453125 0.7984375 0.3859375
3 0.50625 0.4828125 0.80390625 0.3859375
3 0.50390625 0.49375 0.828125 0.39609375
3 0.50390625 0.49453125 0.828125 0.3953125
3 0.49296875 0.4953125 0.80859375 0.38828125
3 0.49140625 0.484375 0.80546875 0.3859375
3 0.48671875 0.47578125 0.81796875 0.3765625
3 0.48671875 0.475 0.82109375 0.37265625
3 0.4875 0.475 0.81953125 0.37265625
3 0.503125 0.4921875 0.8015625 0.39296875
3 0.50625 0.48203125 0.80390625 0.3953125
3 0.49296875 0.49296875 0.80859375 0.3953125
3 0.49296875 0.48359375 0.80859375 0.3953125
3 0.5015625 0.4890625 0.81953125 0.409375
3 0.496875 0.490625 0.81796875 0.4109375
3 0.50234375 0.4890625 0.82109375 0.40859375
3 0.50078125 0.4890625 0.82109375 0.409375
3 0.496875 0.490625 0.82109375 0.409375
3 0.496875 0.490625 0.821875 0.409375