3 0.434375 0.30234375 0.784375 0.1359375
3 0.496875 0.2921875 0.58359375 0.11875
3 0.57890625 0.29609375 0.65 0.125
3 0.51796875 0.2953125 0.58046875 0.12109375
3 0.5109375 0.2984375 0.7890625 0.14296875
3 0.48203125 0.29375 0.73046875 0.12421875
3 0.47890625 0.29765625 0.803125 0.14375
3 0.46875 0.30234375 0.8375 0.1484375
3 0.56171875 0.29375 0.65390625 0.121875
3 0.5609375 0.29375 0.65 0.12109375
3 0.5296875 0.29296875 0.6734375 0.1203125
3 0.5703125 0.2921875 0.65390625 0.12421875
3 0.56953125 0.2921875 0.65546875 0.121875
3 0.515625 0.29296875 0.5734375 0.11875
3 0.53046875 0.29296875 0.68046875 0.121875
3 0.51484375 0.29375 0.78203125 0.134375
3 0.515625 0.296875 0.7625 0.13125
3 0.46875 0.3 0.8234375 0.13671875
3 0.5140625 0.296875 0.76640625 0.13046875
3 0.46953125 0.29921875 0.821875 0.1359375
3 0.515625 0.2921875 0.58359375 0.11953125
3 0.47421875 0.29453125 0.7984375 0.1296875
3 0.50625 0.2984375 0.80703125 0.1375
3 0.47578125 0.29453125 0.7984375 0.1296875
3 0.478125 0.30078125 0.8234375 0.1421875
3 0.49609375 0.3 0.821875 0.13046875
3 0.49765625 0.2984375 0.815625 0.12890625
3 0.51328125 0.2984375 0.7625 0.13046875
3 0.46796875 0.30078125 0.825 0.1359375
3 0.48515625 0.29765625 0.80703125 0.1390625
3 0.5125 0.2984375 0.76640625 0.13125
3 0.521875 0.29296875 0.74296875 0.1265625
3 0.46796875 0.30078125 0.825 0.1359375
3 0.52109375 0.2921875 0.74140625 0.12421875
3 0.49765625 0.29375 0.809375 0.12890625
3 0.47734375 0.3 0.8234375 0.1375
3 0.50078125 0.29375 0.80390625 0.12734375
3 0.521875 0.2921875 0.728125 0.12890625
3 0.521875 0.29375 0.725 0.12734375
3 0.46640625 0.3015625 0.84453125 0.1375
3 0.4671875 0.30078125 0.84296875 0.1359375
3 0.51640625 0.29375 0.771875 0.128125
3 0.50859375 0.296875 0.8 0.13125
3 0.478125 0.296875 0.784375 0.13203125
3 0.478125 0.29609375 0.784375 0.1328125
3 0.48515625 0.296875 0.8015625 0.134375
3 0.47265625 0.2984375 0.82890625 0.13515625
3 0.475 0.2984375 0.828125 0.134375