3 0.09375 0.72421875 0.18203125 0.0921875
3 0.09921875 0.721875 0.17890625 0.09140625
3 0.09375 0.72421875 0.18203125 0.0921875
3 0.09375 0.725 0.1765625 0.09375
3 0.0953125 0.72421875 0.184375 0.1046875
3 0.09375 0.725 0.18203125 0.09140625
3 0.096875 0.72421875 0.18203125 0.0984375
3 0.09375 0.725 0.1765625 0.09453125
3 0.0953125 0.72265625 0.18203125 0.0953125
3 0.096875 0.7234375 0.18203125 0.0984375
3 0.09453125 0.721875 0.18359375 0.09375
3 0.09921875 0.72109375 0.17890625 0.0921875
3 0.09453125 0.72421875 0.18359375 0.1046875
3 0.09453125 0.721875 0.18359375 0.09375
3 0.09453125 0.721875 0.18359375 0.09375
3 0.0984375 0.72265625 0.18359375 0.0953125
3 0.0984375 0.7234375 0.18359375 0.09609375
3 0.09921875 0.725 0.17890625 0.0921875
3 0.0953125 0.725 0.18203125 0.103125
3 0.0953125 0.725 0.18203125 0.103125
3 0.0953125 0.725 0.18203125 0.103125
3 0.096875 0.725 0.1859375 0.1
3 0.09921875 0.725 0.17890625 0.09375
3 0.096875 0.725 0.1859375 0.1
3 0.096875 0.725 0.1859375 0.1
3 0.09765625 0.72421875 0.1765625 0.0984375
3 0.09765625 0.7234375 0.1765625 0.096875
3 0.096875 0.7234375 0.178125 0.09609375
3 0.096875 0.7234375 0.178125 0.096875
3 0.096875 0.7234375 0.178125 0.096875
3 0.09765625 0.72421875 0.17890625 0.0953125
3 0.09765625 0.72421875 0.17890625 0.0953125
3 0.09765625 0.72421875 0.17890625 0.0953125