5 0.92890625 0.21171875 0.0390625 0.06484375
5 0.62265625 0.26875 0.03046875 0.08125
11 0.80703125 0.2625 0.34765625 0.4078125
2 0.0609375 0.3125 0.121875 0.4796875
6 0.49609375 0.25390625 0.02890625 0.5046875
6 0.578125 0.13359375 0.01640625 0.26328125
2 0.25234375 0.21328125 0.1109375 0.096875
9 0.259375 0.378125 0.09453125 0.26015625
10 0.2640625 0.3078125 0.0359375 0.6125
9 0.39765625 0.4234375 0.21640625 0.77109375
9 0.55 0.4234375 0.09765625 0.35625
9 0.634375 0.37265625 0.05625 0.16171875
