2 0.096875 0.534375 0.1921875 0.2515625
2 0.66328125 0.471875 0.27578125 0.38671875
2 0.35390625 0.49296875 0.253125 0.19140625
5 0.2078125 0.4703125 0.034375 0.0984375
2 0.465625 0.48828125 0.15234375 0.16953125
6 0.46484375 0.590625 0.03125 0.234375
8 0.01484375 0.28671875 0.0296875 0.0625
6 0.209375 0.51953125 0.02265625 0.1234375
6 0.0203125 0.33828125 0.03984375 0.67109375
9 0.65625 0.61875 0.27109375 0.65703125
9 0.30859375 0.621875 0.1796875 0.43046875
9 0.10703125 0.59921875 0.14375 0.3859375
