8 0.39296875 0.45625 0.0453125 0.15
8 0.2890625 0.51640625 0.05234375 0.165625
8 0.7625 0.25234375 0.028125 0.090625
8 0.5140625 0.31640625 0.03125 0.11015625
2 0.884375 0.19296875 0.22578125 0.33125
8 0.6 0.371875 0.03203125 0.1015625
2 0.103125 0.25625 0.20625 0.48984375
8 0.5375 0.3015625 0.02421875 0.1
2 0.84765625 0.103125 0.18125 0.1109375
9 0.2125 0.5828125 0.2984375 0.8078125
9 0.38046875 0.540625 0.146875 0.7484375
9 0.68125 0.38984375 0.22109375 0.6109375
9 0.45625 0.45546875 0.21328125 0.72734375
9 0.59765625 0.43828125 0.0984375 0.55078125
