8 0.76015625 0.521875 0.034375 0.0234375
2 0.81171875 0.53515625 0.05234375 0.0234375
6 0.5125 0.34140625 0.10078125 0.678125
2 0.9234375 0.54453125 0.0640625 0.02890625
2 0.8484375 0.53671875 0.04453125 0.0203125
2 0.90078125 0.53984375 0.0578125 0.0296875
0 0.0921875 0.56953125 0.184375 0.2328125
5 0.74609375 0.55546875 0.03671875 0.0484375
8 0.8015625 0.5109375 0.02734375 0.015625
2 0.8703125 0.5390625 0.17109375 0.0390625
9 0.3484375 0.66640625 0.121875 0.1265625
9 0.628125 0.6328125 0.09921875 0.0875
9 0.70546875 0.59765625 0.06640625 0.0640625
