5 0.71875 0.5171875 0.17890625 0.7546875
5 0.35703125 0.49453125 0.13515625 0.6046875
5 0.078125 0.5453125 0.15390625 0.696875
5 0.20390625 0.53515625 0.13203125 0.6234375
5 0.4953125 0.49609375 0.128125 0.61484375
5 0.91484375 0.57578125 0.16484375 0.725
8 0.13828125 0.15078125 0.03828125 0.08203125
5 0.6125 0.509375 0.12734375 0.61796875
8 0.66953125 0.20390625 0.04921875 0.05859375
8 0.76171875 0.2078125 0.04921875 0.06171875
8 0.57109375 0.2234375 0.046875 0.05703125
0 0.34765625 0.51328125 0.20546875 0.2734375
0 0.29140625 0.5140625 0.32109375 0.26796875
9 0.54296875 0.7296875 0.19296875 0.50859375
9 0.371875 0.73828125 0.1578125 0.42890625
9 0.24296875 0.240625 0.08515625 0.25546875
9 0.325 0.25078125 0.090625 0.2484375
9 0.41171875 0.228125 0.10703125 0.26796875
9 0.49921875 0.20625 0.084375 0.2984375
9 0.5625 0.225 0.08671875 0.19140625
9 0.67109375 0.20625 0.071875 0.1515625
9 0.76875 0.21953125 0.08671875 0.1859375
9 0.91953125 0.2390625 0.075 0.178125
9 0.98046875 0.26015625 0.0390625 0.20390625
