2 0.228125 0.37734375 0.1953125 0.1140625
2 0.3984375 0.3671875 0.1421875 0.08515625
2 0.55703125 0.3734375 0.1328125 0.103125
5 0.59453125 0.3703125 0.03515625 0.1203125
8 0.18125 0.25546875 0.0296875 0.04765625
8 0.975 0.22734375 0.0453125 0.06015625
5 0.075 0.36640625 0.03984375 0.10859375
5 0.0390625 0.35859375 0.0359375 0.1203125
5 0.09765625 0.36875 0.03515625 0.109375
2 0.5109375 0.35703125 0.0953125 0.0703125
8 0.5484375 0.2515625 0.040625 0.0609375
8 0.1859375 0.2859375 0.03046875 0.03515625
6 0.30390625 0.1796875 0.0234375 0.35546875
6 0.87734375 0.28125 0.02265625 0.17109375
6 0.88359375 0.28125 0.0359375 0.17109375
6 0.97421875 0.415625 0.03359375 0.33984375
0 0.784375 0.4859375 0.39921875 0.1984375
6 0.546875 0.3515625 0.021875 0.165625
9 0.67109375 0.43984375 0.1453125 0.18984375
9 0.8359375 0.459375 0.159375 0.20546875
