8 0.42890625 0.29453125 0.03359375 0.06171875
2 0.2109375 0.51640625 0.26015625 0.6625
6 0.57890625 0.21484375 0.02890625 0.4296875
2 0.31328125 0.4640625 0.09375 0.2984375
2 0.35625 0.45390625 0.0671875 0.1875
2 0.38203125 0.42109375 0.08125 0.1375
8 0.41875 0.32421875 0.021875 0.0390625
2 0.10546875 0.50234375 0.2109375 0.98359375
6 0.4328125 0.22734375 0.02578125 0.45078125
9 0.58828125 0.6234375 0.115625 0.41171875
9 0.5296875 0.621875 0.04765625 0.340625
9 0.51796875 0.54765625 0.0765625 0.2484375
9 0.48203125 0.48515625 0.0515625 0.1765625
9 0.45390625 0.4703125 0.0265625 0.15546875
