2 0.10078125 0.28984375 0.0375 0.05078125
2 0.01640625 0.29609375 0.0328125 0.071875
6 0.16171875 0.16796875 0.03046875 0.325
6 0.13046875 0.1796875 0.03125 0.27734375
8 0.40625 0.44609375 0.0328125 0.05078125
6 0.18671875 0.1515625 0.02890625 0.303125
6 0.08515625 0.2484375 0.021875 0.1328125
9 0.65078125 0.63203125 0.2390625 0.50234375
9 0.53125 0.603125 0.18359375 0.46640625
9 0.43515625 0.56640625 0.134375 0.3578125
9 0.2734375 0.37109375 0.04296875 0.09765625
9 0.26015625 0.36484375 0.0390625 0.09375
6 0.46640625 0.32734375 0.015625 0.05859375
