2 0.45 0.42109375 0.10078125 0.0671875
5 0.15234375 0.63984375 0.14140625 0.50703125
5 0.5390625 0.50078125 0.1171875 0.20625
6 0.15546875 0.20390625 0.0328125 0.40546875
2 0.21171875 0.4359375 0.040625 0.125
6 0.5359375 0.33203125 0.01953125 0.22578125
8 0.4078125 0.57109375 0.04140625 0.046875
9 0.25546875 0.74765625 0.22890625 0.39921875
9 0.409375 0.5953125 0.07265625 0.21640625
9 0.49609375 0.5796875 0.06171875 0.21953125
9 0.5484375 0.70625 0.175 0.328125
9 0.67890625 0.69140625 0.16171875 0.3125
