2 0.98046875 0.2953125 0.0328125 0.06953125
2 0.89453125 0.2890625 0.0375 0.04921875
6 0.834375 0.16875 0.03125 0.32734375
6 0.865625 0.18046875 0.03125 0.2828125
8 0.5890625 0.44609375 0.0328125 0.0546875
6 0.81015625 0.1515625 0.028125 0.303125
6 0.9109375 0.2484375 0.01875 0.1328125
6 0.91328125 0.21015625 0.0234375 0.209375
6 0.5328125 0.32421875 0.03984375 0.128125
9 0.3515625 0.63125 0.234375 0.50234375
9 0.47421875 0.60234375 0.17421875 0.4515625
9 0.58046875 0.55859375 0.1015625 0.3578125
