5 0.39453125 0.3703125 0.0359375 0.1203125
2 0.35390625 0.37421875 0.1265625 0.103125
2 0.19765625 0.3671875 0.1421875 0.08515625
2 0.0625 0.375 0.125 0.1125
8 0.7765625 0.22734375 0.0515625 0.059375
2 0.3109375 0.35703125 0.09296875 0.07109375
8 0.3484375 0.2515625 0.0390625 0.06171875
0 0.46171875 0.46953125 0.15546875 0.1484375
6 0.103125 0.1796875 0.0234375 0.35546875
6 0.6765625 0.28046875 0.021875 0.1703125
6 0.67734375 0.18359375 0.06875 0.36484375
6 0.68984375 0.2828125 0.025 0.16796875
6 0.7734375 0.415625 0.0328125 0.34140625
9 0.471875 0.43984375 0.14375 0.18984375
0 0.68046875 0.4796875 0.21171875 0.1515625
9 0.6375 0.44375 0.15859375 0.1984375
6 0.34609375 0.34921875 0.00703125 0.1515625
