5 0.75234375 0.68828125 0.10234375 0.29609375
2 0.0484375 0.63359375 0.096875 0.1734375
11 0.5359375 0.54609375 0.6 0.48515625
8 0.4796875 0.50078125 0.08515625 0.15859375
8 0.94609375 0.5203125 0.0890625 0.23828125
6 0.7734375 0.7828125 0.01796875 0.1625
6 0.084375 0.6984375 0.02109375 0.13046875
6 0.2234375 0.709375 0.0171875 0.12265625
6 0.3 0.71328125 0.01796875 0.1359375
6 0.4 0.725 0.0203125 0.14765625
8 0.96171875 0.578125 0.05234375 0.0359375
6 0.50390625 0.74921875 0.0203125 0.13828125
5 0.15234375 0.66640625 0.0546875 0.22421875
6 0.96875 0.7984375 0.02578125 0.1734375
5 0.90234375 0.69375 0.07734375 0.2890625
6 0.8359375 0.71171875 0.01640625 0.128125
9 0.92890625 0.7578125 0.10703125 0.21796875
9 0.6625 0.77890625 0.10078125 0.2328125
9 0.584375 0.7765625 0.09140625 0.225
9 0.16953125 0.70625 0.084375 0.1765625
9 0.11796875 0.69921875 0.04609375 0.1484375
6 0.040625 0.590625 0.01484375 0.25625
