8 0.12421875 0.50703125 0.05390625 0.06015625
8 0.65 0.38828125 0.0375 0.05859375
8 0.44453125 0.296875 0.053125 0.065625
9 0.18828125 0.64296875 0.3515625 0.7140625
9 0.47578125 0.58359375 0.259375 0.63984375
9 0.71875 0.51640625 0.2578125 0.578125
9 0.878125 0.45 0.221875 0.5140625
9 0.4765625 0.0640625 0.06875 0.12734375
9 0.76015625 0.04296875 0.0421875 0.0859375
9 0.80390625 0.0421875 0.0515625 0.084375
9 0.86015625 0.04296875 0.0671875 0.0859375
9 0.93203125 0.03984375 0.08515625 0.07890625
9 0.9828125 0.034375 0.034375 0.06875