2 0.74765625 0.37421875 0.10546875 0.19609375
5 0.2796875 0.47265625 0.1640625 0.490625
2 0.34609375 0.33828125 0.07109375 0.04921875
8 0.55546875 0.23515625 0.0578125 0.04921875
2 0.53359375 0.3390625 0.08359375 0.0625
8 0.190625 0.5046875 0.03984375 0.05546875
8 0.0859375 0.52421875 0.046875 0.0609375
6 0.67265625 0.20234375 0.1046875 0.32734375
0 0.684375 0.28046875 0.23125 0.16875
9 0.0734375 0.57734375 0.14609375 0.3875
9 0.1671875 0.55 0.1296875 0.33515625
9 0.384375 0.475 0.153125 0.2390625
9 0.5125 0.46953125 0.140625 0.21796875
9 0.58515625 0.47109375 0.046875 0.1734375