2 0.17578125 0.21796875 0.31796875 0.1671875
2 0.41875 0.19140625 0.13046875 0.1109375
5 0.82734375 0.43671875 0.28203125 0.67265625
5 0.63515625 0.34453125 0.1609375 0.415625
2 0.9328125 0.28828125 0.12890625 0.2328125
5 0.34453125 0.16640625 0.034375 0.1109375
8 0.39765625 0.1390625 0.04296875 0.0765625
0 0.240625 0.14921875 0.48046875 0.153125
6 0.04296875 0.1421875 0.03203125 0.14921875
9 0.2234375 0.5359375 0.20546875 0.4125
9 0.37578125 0.5703125 0.2453125 0.43828125
9 0.68671875 0.48203125 0.16171875 0.37109375
9 0.52578125 0.44375 0.1421875 0.32734375
9 0.51484375 0.30390625 0.10234375 0.11953125