8 0.53515625 0.16171875 0.02734375 0.0671875
8 0.96328125 0.8921875 0.06640625 0.20625
8 0.55625 0.18671875 0.025 0.0421875
5 0.33984375 0.2046875 0.02421875 0.06875
2 0.63046875 0.2484375 0.09921875 0.084375
8 0.33125 0.11953125 0.02890625 0.0390625
8 0.24296875 0.1234375 0.05078125 0.05
2 0.40234375 0.21796875 0.065625 0.0640625
6 0.66328125 0.2953125 0.01875 0.1
8 0.38359375 0.12265625 0.02265625 0.0390625
0 0.3328125 0.78046875 0.27578125 0.4296875
0 0.734375 0.82890625 0.53125 0.3421875
6 0.56640625 0.30625 0.02265625 0.065625
8 0.3796875 0.2796875 0.03046875 0.053125
9 0.92421875 0.59921875 0.15 0.3609375
9 0.675 0.53828125 0.22734375 0.3140625
9 0.4484375 0.51796875 0.2265625 0.31640625
9 0.3765625 0.30234375 0.04296875 0.10546875