5 0.5609375 0.4484375 0.15859375 0.70390625
5 0.309375 0.41796875 0.16640625 0.765625
5 0.41015625 0.434375 0.13359375 0.69765625
2 0.5390625 0.1875 0.19609375 0.15859375
2 0.671875 0.17578125 0.19765625 0.15859375
2 0.1765625 0.15390625 0.07265625 0.05546875
6 0.68203125 0.4046875 0.0609375 0.79140625
8 0.7140625 0.05703125 0.07734375 0.1140625
2 0.3703125 0.146875 0.0609375 0.08203125
1 0.22734375 0.15859375 0.03984375 0.06484375
8 0.40234375 0.06171875 0.04609375 0.0703125
3 0.78125 0.44453125 0.4375 0.3640625
4 0.4578125 0.6484375 0.11484375 0.30390625