5 0.58359375 0.42265625 0.05625 0.27890625
5 0.321875 0.40390625 0.078125 0.27421875
5 0.8484375 0.47578125 0.14453125 0.40859375
2 0.2640625 0.32109375 0.046875 0.05234375
2 0.0640625 0.31875 0.10546875 0.06171875
8 0.08828125 0.69765625 0.075 0.0890625
5 0.8484375 0.37421875 0.14453125 0.20546875
2 0.57578125 0.3421875 0.16484375 0.07734375
6 0.134375 0.1875 0.0515625 0.37421875
6 0.18671875 0.18359375 0.0265625 0.3671875
9 0.16015625 0.684375 0.3203125 0.63125
9 0.76875 0.65625 0.228125 0.49296875
9 0.4171875 0.390625 0.12421875 0.19296875
9 0.49453125 0.4703125 0.15546875 0.22109375
9 0.70078125 0.51015625 0.16171875 0.30390625