8 0.903125 0.21796875 0.04921875 0.0875
8 0.734375 0.11953125 0.05546875 0.078125
8 0.9046875 0.28984375 0.0375 0.06796875
8 0.61328125 0.196875 0.05078125 0.1140625
6 0.396875 0.1734375 0.03046875 0.34453125
8 0.1515625 0.6546875 0.30234375 0.2171875
8 0.6421875 0.0359375 0.0421875 0.07109375
6 0.64375 0.20234375 0.0328125 0.290625
8 0.64296875 0.08671875 0.034375 0.05859375
6 0.95546875 0.48828125 0.0171875 0.13203125
6 0.903125 0.42265625 0.028125 0.23046875
5 0.95546875 0.3828125 0.02421875 0.05390625
9 0.79921875 0.54921875 0.19140625 0.4953125
3 0.965625 0.51171875 0.06796875 0.0328125
3 0.95078125 0.4484375 0.07890625 0.01875
9 0.67421875 0.5078125 0.09453125 0.21328125
9 0.57578125 0.5359375 0.0953125 0.2984375
9 0.4625 0.53359375 0.13671875 0.46171875
9 0.34609375 0.53046875 0.11328125 0.4171875
9 0.2265625 0.4328125 0.14296875 0.2453125
9 0.11953125 0.44921875 0.08125 0.21484375
9 0.040625 0.44453125 0.078125 0.2046875