8 0.58671875 0.12890625 0.03984375 0.16171875
8 0.3515625 0.1953125 0.06328125 0.14921875
8 0.26171875 0.31953125 0.05703125 0.078125
8 0.09375 0.41796875 0.04921875 0.0875
8 0.35390625 0.28671875 0.0359375 0.05859375
6 0.59921875 0.3609375 0.03046875 0.36328125
8 0.8453125 0.85390625 0.30234375 0.215625
5 0.04375 0.58515625 0.02265625 0.05546875
8 0.0921875 0.490625 0.0375 0.06953125
6 0.4203125 0.26875 0.03359375 0.53515625
6 0.35234375 0.40703125 0.03203125 0.303125
8 0.3828125 0.396875 0.0515625 0.1140625
8 0.25546875 0.4515625 0.03046875 0.05234375
8 0.2453125 0.2359375 0.0453125 0.04921875
6 0.09453125 0.6234375 0.028125 0.22578125
9 0.20078125 0.75625 0.1828125 0.4875
9 0.3296875 0.70546875 0.090625 0.19609375
9 0.4234375 0.74921875 0.09140625 0.2796875
9 0.53984375 0.73515625 0.12890625 0.46328125
9 0.6515625 0.73046875 0.10625 0.4125
9 0.77421875 0.6265625 0.1390625 0.23984375
9 0.8765625 0.634375 0.0921875 0.23828125
9 0.959375 0.6453125 0.08125 0.2109375
6 0.04296875 0.6890625 0.00625 0.1109375
6 0.00390625 0.70546875 0.0078125 0.1359375
3 0.034375 0.7125 0.06796875 0.04765625
3 0.0515625 0.64609375 0.0953125 0.021875