2 0.821875 0.41796875 0.31796875 0.1671875
2 0.57890625 0.39140625 0.13046875 0.1109375
5 0.171875 0.63671875 0.28125 0.67265625
2 0.06484375 0.4875 0.12890625 0.23125
5 0.3625 0.54609375 0.1625 0.41875
0 0.75625 0.34765625 0.48125 0.15
8 0.60078125 0.3390625 0.04140625 0.07734375
6 0.95390625 0.340625 0.03046875 0.14921875
8 0.60078125 0.32109375 0.0390625 0.04140625
5 0.65390625 0.36640625 0.0328125 0.1109375
9 0.775 0.74296875 0.20390625 0.4296875
9 0.61484375 0.7671875 0.221875 0.44765625
9 0.3140625 0.68203125 0.16484375 0.37734375
9 0.4703125 0.6375 0.1328125 0.3125
9 0.4875 0.51796875 0.09765625 0.15078125
11 0.34453125 0.31484375 0.41484375 0.590625