5 0.4703125 0.61171875 0.06796875 0.54609375
2 0.90625 0.58359375 0.18203125 0.503125
11 0.275 0.5671875 0.359375 0.7546875
8 0.5015625 0.23203125 0.03359375 0.08046875
6 0.09609375 0.4640625 0.02421875 0.39140625
2 0.09453125 0.3796875 0.0703125 0.2390625
6 0.5484375 0.39296875 0.0234375 0.38984375
9 0.48203125 0.3359375 0.0296875 0.2140625
6 0.59140625 0.33203125 0.025 0.2765625
9 0.55234375 0.91484375 0.15859375 0.1703125
9 0.55078125 0.7515625 0.096875 0.16953125
9 0.53671875 0.6484375 0.0875 0.11875
9 0.496875 0.66796875 0.07421875 0.33203125
9 0.5796875 0.58203125 0.0640625 0.265625
9 0.55703125 0.421875 0.03359375 0.10078125
9 0.52265625 0.44765625 0.03125 0.18125
10 0.79453125 0.67734375 0.03828125 0.634375
10 0.903125 0.63671875 0.053125 0.7265625