5 0.6046875 0.24453125 0.08828125 0.328125
2 0.12890625 0.58515625 0.25625 0.70625
2 0.35 0.3578125 0.28203125 0.378125
5 0.0625 0.18359375 0.06640625 0.14609375
2 0.46875 0.25859375 0.19375 0.2375
6 0.85390625 0.49765625 0.06484375 0.990625
2 0.72890625 0.2875 0.1359375 0.26328125
6 0.809375 0.49765625 0.065625 0.99453125
8 0.340625 0.9140625 0.059375 0.1609375
6 0.70703125 0.28828125 0.04921875 0.57421875
9 0.5453125 0.775 0.6015625 0.44921875
9 0.61640625 0.51953125 0.23125 0.09375
9 0.49921875 0.465625 0.1375 0.19296875