5 0.32421875 0.3171875 0.0421875 0.12109375
5 0.5765625 0.346875 0.0328125 0.1265625
5 0.565625 0.34453125 0.02421875 0.125
8 0.50625 0.196875 0.02734375 0.046875
5 0.134375 0.29296875 0.03671875 0.0859375
5 0.0828125 0.28203125 0.03828125 0.103125
5 0.540625 0.3296875 0.02421875 0.07890625
6 0.6984375 0.2296875 0.04140625 0.459375
0 0.0609375 0.6578125 0.121875 0.403125
8 0.65546875 0.13515625 0.059375 0.059375
5 0.2984375 0.31796875 0.02265625 0.09140625
5 0.0390625 0.278125 0.04296875 0.08359375
8 0.1578125 0.21953125 0.02265625 0.0390625
6 0.7203125 0.23125 0.04296875 0.4625
9 0.2265625 0.64609375 0.284375 0.7078125
9 0.4609375 0.59609375 0.1875 0.73203125