2 0.2875 0.3828125 0.18359375 0.496875
5 0.725 0.4125 0.06171875 0.55234375
8 0.6953125 0.03828125 0.0328125 0.0765625
6 0.6484375 0.19609375 0.02265625 0.3875
9 0.64921875 0.8125 0.15546875 0.375
11 0.871875 0.3671875 0.25625 0.734375
9 0.65078125 0.55234375 0.09453125 0.16484375
9 0.66328125 0.45625 0.08515625 0.1234375
9 0.7046875 0.471875 0.0734375 0.34375
9 0.6234375 0.365625 0.0671875 0.2265625
9 0.64375 0.23515625 0.0328125 0.1171875
9 0.67734375 0.2453125 0.03203125 0.1875
6 0.6984375 0.1875 0.009375 0.2203125
10 0.29453125 0.54296875 0.05 0.89375
10 0.40390625 0.5265625 0.04609375 0.825
10 0.58046875 0.1765625 0.02421875 0.3390625