5 0.2453125 0.8671875 0.1015625 0.25703125
5 0.09140625 0.8734375 0.07109375 0.2453125
2 0.9484375 0.83515625 0.09609375 0.171875
8 0.51796875 0.7 0.0859375 0.1625
6 0.2265625 0.95 0.02421875 0.09453125
8 0.0515625 0.71953125 0.0921875 0.24375
6 0.91328125 0.89296875 0.02265625 0.13046875
6 0.7734375 0.91015625 0.01953125 0.12109375
5 0.84453125 0.86171875 0.0578125 0.2296875
6 0.59765625 0.925 0.0234375 0.14140625
6 0.6984375 0.915625 0.0203125 0.13203125
11 0.46796875 0.746875 0.5828125 0.48828125
6 0.16171875 0.91171875 0.01796875 0.13046875
6 0.0296875 0.95234375 0.025 0.08671875
6 0.49296875 0.93828125 0.0234375 0.11484375
9 0.340625 0.93203125 0.1 0.13046875
9 0.41640625 0.93125 0.08515625 0.1375
9 0.83046875 0.90625 0.08515625 0.1765625
9 0.884375 0.9046875 0.04921875 0.146875
6 0.959375 0.78828125 0.01328125 0.2609375