2 0.7046875 0.39765625 0.1265625 0.14765625
2 0.34375 0.42578125 0.07109375 0.1046875
8 0.75546875 0.28984375 0.05546875 0.040625
5 0.5359375 0.39609375 0.02578125 0.06015625
8 0.7546875 0.26171875 0.06015625 0.03046875
2 0.3953125 0.39140625 0.05 0.05234375
8 0.75546875 0.31484375 0.05859375 0.03125
8 0.584375 0.26796875 0.04140625 0.040625
8 0.58984375 0.3359375 0.034375 0.03359375
8 0.3484375 0.2359375 0.046875 0.06328125
8 0.58828125 0.315625 0.04140625 0.03359375
8 0.75390625 0.23984375 0.05859375 0.03046875
6 0.5671875 0.24921875 0.07421875 0.3609375
8 0.58671875 0.29296875 0.04296875 0.034375
6 0.36015625 0.365625 0.025 0.2234375
8 0.61640625 0.309375 0.0296875 0.02890625
6 0.3296875 0.36171875 0.05390625 0.3765625
6 0.41953125 0.30078125 0.059375 0.2375
8 0.5859375 0.2796875 0.04296875 0.028125
2 0.35546875 0.42421875 0.04765625 0.10390625
9 0.1140625 0.55625 0.228125 0.8875
9 0.296875 0.5109375 0.071875 0.403125
3 0.65703125 0.53359375 0.28828125 0.09765625