8 0.64609375 0.77734375 0.03828125 0.1171875
6 0.84375 0.57421875 0.02890625 0.1125
8 0.32890625 0.68515625 0.0296875 0.109375
8 0.25859375 0.27890625 0.021875 0.06484375
0 0.209375 0.2765625 0.06953125 0.23984375
6 0.10859375 0.2578125 0.02421875 0.20859375
0 0.38046875 0.13359375 0.19140625 0.22578125
6 0.18203125 0.24140625 0.01953125 0.23984375
0 0.2765625 0.36796875 0.07734375 0.1390625
6 0.5671875 0.44140625 0.02109375 0.1125
5 0.20625 0.21796875 0.0265625 0.1265625
10 0.65234375 0.3296875 0.03203125 0.36484375
9 0.64921875 0.7484375 0.08828125 0.50078125
9 0.546875 0.74453125 0.12578125 0.51015625
9 0.44453125 0.74609375 0.13515625 0.5078125
9 0.35078125 0.740625 0.13203125 0.51796875
9 0.278125 0.73046875 0.1296875 0.52109375