8 0.93671875 0.203125 0.0390625 0.0921875
2 0.9109375 0.31015625 0.0390625 0.05703125
2 0.8203125 0.32421875 0.04921875 0.05703125
8 0.31171875 0.4375 0.02265625 0.0515625
8 0.540625 0.23984375 0.01640625 0.0640625
8 0.64921875 0.44765625 0.021875 0.0546875
2 0.9546875 0.31875 0.04765625 0.04375
8 0.9359375 0.253125 0.034375 0.03515625
8 0.49296875 0.44609375 0.02265625 0.0578125
0 0.5 0.36484375 0.996875 0.19296875
6 0.796875 0.3359375 0.01484375 0.1203125
6 0.86796875 0.3375 0.015625 0.121875
8 0.14140625 0.4328125 0.02421875 0.05078125
6 0.93671875 0.33125 0.01796875 0.13125
6 0.84296875 0.32734375 0.01796875 0.10078125
2 0.89609375 0.3171875 0.2015625 0.0640625
9 0.11796875 0.54765625 0.0984375 0.20703125
9 0.30078125 0.5484375 0.07890625 0.1875
9 0.49453125 0.5515625 0.0625 0.2
9 0.66171875 0.5515625 0.0703125 0.1890625
9 0.82890625 0.540625 0.1 0.21875