5 0.846875 0.63984375 0.14140625 0.50859375
2 0.5484375 0.42109375 0.10078125 0.0671875
5 0.4578125 0.4984375 0.11484375 0.20390625
6 0.46328125 0.33125 0.0171875 0.22421875
2 0.78671875 0.43515625 0.03828125 0.1234375
6 0.84296875 0.20546875 0.03125 0.40859375
8 0.59140625 0.5703125 0.04140625 0.04609375
8 0.6953125 0.4390625 0.1625 0.14140625
6 0.78125 0.51796875 0.03984375 0.14921875
9 0.740625 0.74296875 0.22421875 0.42265625
9 0.32421875 0.68515625 0.1703125 0.31171875
9 0.45234375 0.7015625 0.17578125 0.32109375
9 0.52109375 0.58359375 0.046875 0.23359375
9 0.59140625 0.5953125 0.0734375 0.2109375