8 0.21953125 0.18828125 0.0328125 0.07265625
6 0.2796875 0.54765625 0.03828125 0.36484375
8 0.3609375 0.1578125 0.03671875 0.0484375
2 0.89140625 0.3328125 0.0359375 0.046875
6 0.09296875 0.50078125 0.04453125 0.29921875
8 0.0734375 0.19921875 0.03671875 0.0515625
6 0.81640625 0.409375 0.021875 0.1640625
6 0.22265625 0.3015625 0.01640625 0.18515625
9 0.3640625 0.33984375 0.03046875 0.13984375
2 0.8234375 0.33359375 0.0375 0.05546875
2 0.86328125 0.32890625 0.0390625 0.0484375
9 0.96015625 0.3203125 0.07890625 0.18203125
1 0.98125 0.41328125 0.03671875 0.12890625
6 0.83046875 0.39609375 0.021875 0.1453125
9 0.66796875 0.52109375 0.3328125 0.9578125
9 0.4828125 0.35 0.015625 0.04609375
9 0.50625 0.3515625 0.01328125 0.04609375
8 0.25234375 0.25859375 0.034375 0.16015625
9 0.29765625 0.35234375 0.01640625 0.05625
9 0.31796875 0.34765625 0.02421875 0.0609375
9 0.33828125 0.33984375 0.0328125 0.071875
9 0.3875 0.3421875 0.015625 0.04921875
6 0.3640625 0.15703125 0.00625 0.246875