8 0.7109375 0.69296875 0.05078125 0.0765625
2 0.98203125 0.4984375 0.0359375 0.07734375
8 0.578125 0.69609375 0.04921875 0.07265625
8 0.19609375 0.60625 0.04921875 0.075
8 0.44765625 0.68828125 0.05078125 0.0765625
1 0.2734375 0.6734375 0.03671875 0.1234375
8 0.82734375 0.68984375 0.05078125 0.075
8 0.7421875 0.471875 0.0765625 0.1109375
8 0.45390625 0.4734375 0.06953125 0.03984375
9 0.453125 0.64765625 0.125 0.38984375
9 0.209375 0.64375 0.25234375 0.39765625
9 0.8265625 0.69140625 0.121875 0.30859375
9 0.58046875 0.68984375 0.11015625 0.30859375
9 0.209375 0.64375 0.25234375 0.39765625
9 0.8265625 0.69140625 0.121875 0.30859375
6 0.4265625 0.1546875 0.021875 0.309375
9 0.709375 0.690625 0.1109375 0.3109375