5 0.51875 0.47265625 0.1625 0.490625
2 0.0515625 0.37421875 0.10234375 0.19609375
2 0.26328125 0.3390625 0.0828125 0.0625
8 0.24140625 0.2359375 0.0578125 0.04765625
6 0.12421875 0.20234375 0.10546875 0.32734375
8 0.60625 0.5046875 0.03984375 0.05546875
2 0.45 0.3375 0.06953125 0.05078125
8 0.7109375 0.525 0.04609375 0.06015625
6 0.746875 0.18671875 0.03359375 0.3703125
0 0.1140625 0.28046875 0.228125 0.16875
9 0.75 0.5734375 0.1859375 0.384375
9 0.64140625 0.5515625 0.14921875 0.340625
9 0.41796875 0.4765625 0.153125 0.2421875
9 0.29453125 0.4734375 0.1453125 0.21953125
9 0.22421875 0.46484375 0.05859375 0.1671875