8 0.77734375 0.18828125 0.0328125 0.07265625
1 0.01640625 0.41796875 0.0328125 0.1265625
6 0.7171875 0.54765625 0.0390625 0.36484375
6 0.90390625 0.50078125 0.04453125 0.29921875
8 0.6359375 0.15859375 0.0359375 0.046875
8 0.746875 0.26328125 0.04453125 0.1796875
2 0.10546875 0.3328125 0.03671875 0.046875
6 0.77578125 0.303125 0.0171875 0.18359375
6 0.1796875 0.40859375 0.025 0.1625
9 0.6328125 0.3390625 0.03046875 0.13828125
0 0.80234375 0.3078125 0.065625 0.06953125
6 0.16640625 0.3984375 0.02265625 0.14375
0 0.040625 0.3203125 0.08046875 0.18359375
9 0.33046875 0.5265625 0.33671875 0.94609375
10 0.90234375 0.18671875 0.0328125 0.33046875
2 0.13828125 0.32890625 0.028125 0.03671875
2 0.15859375 0.32734375 0.034375 0.034375
2 0.17578125 0.33359375 0.03046875 0.0375
9 0.6625 0.34140625 0.034375 0.07109375
9 0.6828125 0.35 0.025 0.0640625
9 0.70234375 0.353125 0.01875 0.05625
9 0.6125 0.3421875 0.01484375 0.0421875
9 0.51796875 0.35 0.0203125 0.05
9 0.4953125 0.35234375 0.015625 0.04921875
6 0.63671875 0.159375 0.00546875 0.24609375