8 0.5671875 0.2953125 0.03203125 0.0640625
6 0.41640625 0.2140625 0.02890625 0.428125
2 0.784375 0.5171875 0.2625 0.66484375
8 0.57734375 0.32421875 0.0234375 0.0390625
2 0.6125 0.421875 0.07734375 0.13984375
2 0.68203125 0.4640625 0.09140625 0.29453125
2 0.89140625 0.50234375 0.2109375 0.98359375
2 0.63828125 0.45390625 0.065625 0.1875
5 0.890625 0.50234375 0.21171875 0.98359375
6 0.56328125 0.22734375 0.028125 0.45078125
9 0.4078125 0.62421875 0.11171875 0.41328125
9 0.4875 0.54921875 0.06640625 0.2484375
9 0.52109375 0.48515625 0.0484375 0.18203125