2 0.44375 0.22421875 0.05 0.10078125
2 0.09296875 0.19765625 0.12578125 0.14921875
8 0.21328125 0.06953125 0.04140625 0.0421875
8 0.04296875 0.090625 0.0546875 0.040625
2 0.40234375 0.19296875 0.05 0.05546875
5 0.2609375 0.19609375 0.025 0.06015625
8 0.04296875 0.06328125 0.059375 0.02890625
8 0.44921875 0.03828125 0.04765625 0.06015625
8 0.21015625 0.115625 0.040625 0.03203125
8 0.04375 0.04140625 0.05859375 0.03046875
6 0.43984375 0.1671875 0.0234375 0.21953125
8 0.1984375 0.1140625 0.0625 0.034375
8 0.0421875 0.115625 0.05859375 0.03046875
8 0.2078125 0.1390625 0.03359375 0.03203125
6 0.4734375 0.17890625 0.04375 0.34453125
2 0.45234375 0.22578125 0.0671875 0.10234375
9 0.7765625 0.39453125 0.38671875 0.78828125
9 0.5359375 0.334375 0.13984375 0.66875
3 0.146875 0.334375 0.28984375 0.1046875