5 0.3921875 0.2453125 0.0859375 0.3265625
2 0.86953125 0.584375 0.25390625 0.70234375
2 0.646875 0.35625 0.2859375 0.378125
5 0.93515625 0.1828125 0.07265625 0.14921875
2 0.26875 0.2859375 0.1328125 0.2609375
2 0.52578125 0.25859375 0.184375 0.2375
6 0.13828125 0.4953125 0.0640625 0.990625
6 0.1859375 0.4984375 0.0671875 0.9921875
6 0.290625 0.28828125 0.04765625 0.57421875
8 0.65703125 0.9140625 0.05703125 0.1609375
1 0.95703125 0.765625 0.08046875 0.45859375
9 0.45625 0.77578125 0.596875 0.4484375
9 0.38828125 0.52890625 0.24140625 0.10703125