2 0.17578125 0.41796875 0.31796875 0.1671875
2 0.41875 0.39140625 0.13046875 0.1109375
5 0.82734375 0.63671875 0.28125 0.67265625
5 0.63515625 0.54375 0.1609375 0.41484375
2 0.9328125 0.49296875 0.12890625 0.24375
0 0.240625 0.3484375 0.48046875 0.1546875
5 0.34375 0.365625 0.03359375 0.11171875
9 0.68203125 0.69921875 0.15859375 0.4
8 0.396875 0.33828125 0.04140625 0.07578125
9 0.2234375 0.734375 0.203125 0.41796875
9 0.37265625 0.7703125 0.2484375 0.44765625
9 0.53046875 0.640625 0.13125 0.315625
9 0.5125 0.490625 0.10234375 0.10546875
11 0.6578125 0.3015625 0.4140625 0.5703125