8 0.18671875 0.88984375 0.16015625 0.2109375
2 0.565625 0.24765625 0.1 0.0828125
0 0.86015625 0.78046875 0.27265625 0.4296875
8 0.66015625 0.16171875 0.028125 0.0671875
2 0.79296875 0.21796875 0.06796875 0.0640625
5 0.85625 0.2046875 0.02265625 0.06875
1 0.71015625 0.28046875 0.02890625 0.0484375
6 0.53359375 0.29765625 0.01875 0.0953125
8 0.6390625 0.18671875 0.02578125 0.0453125
1 0.72421875 0.221875 0.03828125 0.034375
5 0.77890625 0.21953125 0.02578125 0.0578125
6 0.37109375 0.8734375 0.03359375 0.24375
8 0.81640625 0.2796875 0.02890625 0.05
9 0.7515625 0.49453125 0.21328125 0.2703125
0 0.36171875 0.83046875 0.7234375 0.3390625
9 0.21640625 0.60546875 0.27734375 0.36328125
9 0.521875 0.54921875 0.23515625 0.33125