5 0.7453125 0.48125 0.0484375 0.1953125
2 0.034375 0.53046875 0.06875 0.2375
2 0.3140625 0.4671875 0.1703125 0.1671875
2 0.41484375 0.48046875 0.0875 0.0953125
5 0.8234375 0.51953125 0.0484375 0.17421875
8 0.609375 0.3375 0.03671875 0.046875
8 0.2265625 0.29921875 0.02578125 0.08125
6 0.46484375 0.25546875 0.02578125 0.49765625
8 0.6515625 0.265625 0.0359375 0.07890625
5 0.38359375 0.4265625 0.02734375 0.053125
4 0.83359375 0.5625 0.0703125 0.10234375
0 0.9796875 0.50078125 0.040625 0.10234375
2 0.44921875 0.46015625 0.078125 0.08359375
9 0.6171875 0.5734375 0.04453125 0.14375
9 0.16015625 0.6890625 0.15390625 0.3515625
9 0.2984375 0.65234375 0.11875 0.29921875
9 0.4 0.62265625 0.10234375 0.26328125
9 0.49453125 0.6078125 0.09140625 0.21796875
8 0.540625 0.42421875 0.1078125 0.47421875