8 0.6046875 0.45625 0.0453125 0.153125
8 0.396875 0.371875 0.0328125 0.1015625
2 0.89375 0.2546875 0.20546875 0.48671875
8 0.4828125 0.315625 0.03046875 0.1109375
8 0.70859375 0.51640625 0.0515625 0.165625
2 0.11328125 0.19375 0.2265625 0.33203125
8 0.234375 0.25078125 0.0296875 0.09296875
2 0.1609375 0.1046875 0.1578125 0.115625
8 0.459375 0.3015625 0.02578125 0.103125
9 0.6203125 0.5375 0.15078125 0.7328125
9 0.7859375 0.5859375 0.30078125 0.81328125
9 0.5375 0.459375 0.209375 0.72890625
9 0.30625 0.39140625 0.209375 0.60625
9 0.415625 0.440625 0.1234375 0.55390625
9 0.7875 0.1359375 0.28671875 0.1421875