2 0.13515625 0.4578125 0.2703125 0.4265625
8 0.853125 0.47109375 0.1796875 0.2578125
8 0.553125 0.453125 0.13984375 0.23125
6 0.65234375 0.12421875 0.0578125 0.2484375
0 0.35703125 0.40234375 0.09296875 0.09296875
0 0.23671875 0.415625 0.13984375 0.1109375
6 0.68671875 0.15546875 0.03984375 0.221875
6 0.58359375 0.11328125 0.06015625 0.2265625
6 0.71015625 0.1890625 0.03984375 0.1640625
8 0.8546875 0.4203125 0.1703125 0.15546875
9 0.56640625 0.50703125 0.25703125 0.58203125
9 0.85 0.5359375 0.2734375 0.653125