8 0.62734375 0.60546875 0.02421875 0.06328125
2 0.96484375 0.57734375 0.0640625 0.09453125
6 0.0296875 0.44296875 0.04609375 0.74140625
2 0.66171875 0.59453125 0.09375 0.115625
8 0.1390625 0.584375 0.0390625 0.0421875
0 0.44453125 0.58046875 0.35625 0.084375
0 0.31328125 0.67421875 0.6234375 0.27265625
9 0.1796875 0.778125 0.2078125 0.41640625
9 0.3421875 0.78046875 0.14453125 0.35546875
9 0.42578125 0.7625 0.13125 0.3421875
9 0.53125 0.7375 0.08515625 0.3140625
9 0.790625 0.60859375 0.190625 0.303125
9 0.89375 0.6140625 0.0859375 0.228125
2 0.6671875 0.52890625 0.17890625 0.134375
10 0.51171875 0.26484375 0.0390625 0.5296875