2 0.09375 0.396875 0.128125 0.14921875
2 0.44453125 0.42421875 0.0515625 0.1015625
8 0.21328125 0.26875 0.04140625 0.04296875
8 0.0421875 0.28984375 0.05546875 0.040625
5 0.26015625 0.39609375 0.02421875 0.059375
1 0.2703125 0.4046875 0.0359375 0.0484375
2 0.40234375 0.3921875 0.05 0.053125
8 0.04296875 0.2625 0.05859375 0.02890625
8 0.44921875 0.2375 0.04765625 0.06171875
8 0.209375 0.31640625 0.040625 0.03046875
8 0.0421875 0.31484375 0.05859375 0.03125
8 0.2078125 0.3375 0.034375 0.03203125
6 0.22890625 0.24609375 0.0796875 0.36484375
8 0.1984375 0.3140625 0.06171875 0.03359375
8 0.04375 0.23984375 0.05859375 0.03046875
6 0.4703125 0.3625 0.05546875 0.3765625
8 0.21171875 0.2921875 0.04453125 0.03359375
6 0.43984375 0.36640625 0.025 0.2203125
9 0.78828125 0.54140625 0.41484375 0.91640625
3 0.146875 0.5296875 0.29375 0.10078125
9 0.5078125 0.5109375 0.08828125 0.40546875
9 0.56171875 0.54609375 0.07421875 0.64609375