5 0.6734375 0.31640625 0.04296875 0.11953125
8 0.490625 0.196875 0.02734375 0.046875
5 0.4234375 0.346875 0.0359375 0.1265625
5 0.9140625 0.28359375 0.0375 0.10546875
5 0.69921875 0.31796875 0.0234375 0.09140625
0 0.934375 0.653125 0.125 0.390625
5 0.43125 0.34375 0.0234375 0.1265625
6 0.2765625 0.2328125 0.04375 0.4625
5 0.86328125 0.29375 0.034375 0.084375
8 0.3421875 0.1359375 0.059375 0.05859375
5 0.45625 0.328125 0.02265625 0.0734375
8 0.840625 0.21953125 0.02109375 0.0359375
6 0.2984375 0.2296875 0.04140625 0.459375
5 0.9578125 0.27578125 0.04140625 0.07890625
9 0.7765625 0.64140625 0.2875 0.71640625
9 0.540625 0.59921875 0.1890625 0.728125