5 0.309375 0.6140625 0.16640625 0.759375
5 0.5609375 0.6453125 0.15859375 0.69765625
5 0.41015625 0.63359375 0.13359375 0.69765625
2 0.53984375 0.3859375 0.19453125 0.15546875
2 0.671875 0.375 0.19453125 0.15859375
8 0.71484375 0.15546875 0.0828125 0.3109375
2 0.17578125 0.3546875 0.07109375 0.053125
2 0.36953125 0.34609375 0.059375 0.0765625
6 0.68125 0.60703125 0.05625 0.76796875
8 0.40234375 0.2609375 0.04609375 0.0703125
2 0.12421875 0.353125 0.0578125 0.05546875
1 0.72109375 0.15859375 0.05625 0.15234375
4 0.4546875 0.8578125 0.11796875 0.284375
3 0.76484375 0.6484375 0.4703125 0.36484375